id,y_pred
type1_1761|type1_reducted,type4_reducted
type1_1116|type1_reducted,type4_reducted
type1_1298|type1_reducted,type4_reducted
type1_1550|type1_reducted,type4_reducted
type1_220|type1_reducted,type4_reducted
type1_1424|type1_reducted,type4_reducted
type1_1366|type1_reducted,type4_reducted
type1_835|type1_reducted,type4_reducted
type1_2541|type1_reducted,type4_reducted
type1_9|type1_reducted,type4_reducted
type1_2319|type1_reducted,type4_reducted
type1_1712|type1_reducted,type4_reducted
type1_1180|type1_reducted,type4_reducted
type1_175|type1_reducted,type4_reducted
type1_1829|type1_reducted,type4_reducted
type1_747|type1_reducted,type4_reducted
type1_1627|type1_reducted,type4_reducted
type1_1368|type1_reducted,type4_reducted
type1_2109|type1_reducted,type4_reducted
type1_428|type1_reducted,type4_reducted
type1_2167|type1_reducted,type4_reducted
type1_1422|type1_reducted,type4_reducted
type1_1913|type1_reducted,type4_reducted
type1_1732|type1_reducted,type4_reducted
type1_1378|type1_reducted,type4_reducted
type1_1215|type1_reducted,type4_reducted
type1_1680|type1_reducted,type4_reducted
type1_1313|type1_reducted,type4_reducted
type1_733|type1_reducted,type4_reducted
type1_1317|type1_reducted,type4_reducted
type1_2206|type1_reducted,type4_reducted
type1_2562|type1_reducted,type4_reducted
type1_2374|type1_reducted,type4_reducted
type1_2120|type1_reducted,type4_reducted
type1_1822|type1_reducted,type4_reducted
type1_1411|type1_reducted,type4_reducted
type1_1862|type1_reducted,type4_reducted
type1_380|type1_reducted,type4_reducted
type1_2353|type1_reducted,type4_reducted
type1_292|type1_reducted,type4_reducted
type1_182|type1_reducted,type4_reducted
type1_1144|type1_reducted,type4_reducted
type1_2192|type1_reducted,type4_reducted
type1_2199|type1_reducted,type4_reducted
type1_1487|type1_reducted,type4_reducted
type1_1758|type1_reducted,type4_reducted
type1_916|type1_reducted,type4_reducted
type1_1172|type1_reducted,type4_reducted
type1_1477|type1_reducted,type4_reducted
type1_1931|type1_reducted,type4_reducted
type1_1047|type1_reducted,type4_reducted
type1_452|type1_reducted,type4_reducted
type1_2194|type1_reducted,type4_reducted
type1_199|type1_reducted,type4_reducted
type1_116|type1_reducted,type4_reducted
type1_614|type1_reducted,type4_reducted
type1_618|type1_reducted,type4_reducted
type1_523|type1_reducted,type4_reducted
type1_1700|type1_reducted,type4_reducted
type1_761|type1_reducted,type4_reducted
type1_679|type1_reducted,type4_reducted
type1_1419|type1_reducted,type4_reducted
type1_1481|type1_reducted,type4_reducted
type1_693|type1_reducted,type4_reducted
type1_1437|type1_reducted,type4_reducted
type1_81|type1_reducted,type4_reducted
type1_1894|type1_reducted,type4_reducted
type1_2546|type1_reducted,type4_reducted
type1_1030|type1_reducted,type4_reducted
type1_2217|type1_reducted,type4_reducted
type1_657|type1_reducted,type4_reducted
type1_1474|type1_reducted,type4_reducted
type1_819|type1_reducted,type4_reducted
type1_1527|type1_reducted,type4_reducted
type1_1259|type1_reducted,type4_reducted
type1_1905|type1_reducted,type4_reducted
type1_83|type1_reducted,type4_reducted
type1_1698|type1_reducted,type4_reducted
type1_2222|type1_reducted,type4_reducted
type1_1950|type1_reducted,type4_reducted
type1_1077|type1_reducted,type4_reducted
type1_137|type1_reducted,type4_reducted
type1_623|type1_reducted,type4_reducted
type1_2239|type1_reducted,type4_reducted
type1_2137|type1_reducted,type4_reducted
type1_1402|type1_reducted,type4_reducted
type1_2269|type1_reducted,type4_reducted
type1_989|type1_reducted,type4_reducted
type1_2054|type1_reducted,type4_reducted
type1_168|type1_reducted,type4_reducted
type1_1074|type1_reducted,type4_reducted
type1_504|type1_reducted,type4_reducted
type1_1693|type1_reducted,type4_reducted
type1_262|type1_reducted,type4_reducted
type1_1778|type1_reducted,type4_reducted
type1_424|type1_reducted,type4_reducted
type1_75|type1_reducted,type4_reducted
type1_493|type1_reducted,type4_reducted
type1_328|type1_reducted,type4_reducted
type1_746|type1_reducted,type4_reducted
type1_1236|type1_reducted,type4_reducted
type1_88|type1_reducted,type4_reducted
type1_884|type1_reducted,type4_reducted
type1_1278|type1_reducted,type4_reducted
type1_559|type1_reducted,type4_reducted
type1_1525|type1_reducted,type4_reducted
type1_790|type1_reducted,type4_reducted
type1_2281|type1_reducted,type4_reducted
type1_1405|type1_reducted,type4_reducted
type1_1621|type1_reducted,type4_reducted
type1_1873|type1_reducted,type4_reducted
type1_1291|type1_reducted,type4_reducted
type1_1462|type1_reducted,type4_reducted
type1_1841|type1_reducted,type4_reducted
type1_2428|type1_reducted,type4_reducted
type1_2356|type1_reducted,type4_reducted
type1_837|type1_reducted,type4_reducted
type1_1722|type1_reducted,type4_reducted
type1_1351|type1_reducted,type4_reducted
type1_1400|type1_reducted,type4_reducted
type1_642|type1_reducted,type4_reducted
type1_570|type1_reducted,type4_reducted
type1_683|type1_reducted,type4_reducted
type1_2455|type1_reducted,type4_reducted
type1_619|type1_reducted,type4_reducted
type1_1896|type1_reducted,type4_reducted
type1_530|type1_reducted,type4_reducted
type1_759|type1_reducted,type4_reducted
type1_601|type1_reducted,type4_reducted
type1_349|type1_reducted,type4_reducted
type1_1124|type1_reducted,type4_reducted
type1_725|type1_reducted,type4_reducted
type1_440|type1_reducted,type4_reducted
type1_2337|type1_reducted,type4_reducted
type1_327|type1_reducted,type4_reducted
type1_202|type1_reducted,type4_reducted
type1_1192|type1_reducted,type4_reducted
type1_225|type1_reducted,type4_reducted
type1_2103|type1_reducted,type4_reducted
type1_149|type1_reducted,type4_reducted
type1_2243|type1_reducted,type4_reducted
type1_627|type1_reducted,type4_reducted
type1_1706|type1_reducted,type4_reducted
type1_987|type1_reducted,type4_reducted
type1_708|type1_reducted,type4_reducted
type1_173|type1_reducted,type4_reducted
type1_2059|type1_reducted,type4_reducted
type1_2069|type1_reducted,type4_reducted
type1_2417|type1_reducted,type4_reducted
type1_2134|type1_reducted,type4_reducted
type1_1935|type1_reducted,type4_reducted
type1_2327|type1_reducted,type4_reducted
type1_1285|type1_reducted,type4_reducted
type1_682|type1_reducted,type4_reducted
type1_215|type1_reducted,type4_reducted
type1_1326|type1_reducted,type4_reducted
type1_371|type1_reducted,type4_reducted
type1_1529|type1_reducted,type4_reducted
type1_571|type1_reducted,type4_reducted
type1_513|type1_reducted,type4_reducted
type1_941|type1_reducted,type4_reducted
type1_2522|type1_reducted,type4_reducted
type1_1994|type1_reducted,type4_reducted
type1_735|type1_reducted,type4_reducted
type1_2070|type1_reducted,type4_reducted
type1_954|type1_reducted,type4_reducted
type1_30|type1_reducted,type4_reducted
type1_265|type1_reducted,type4_reducted
type1_517|type1_reducted,type4_reducted
type1_2311|type1_reducted,type4_reducted
type1_131|type1_reducted,type4_reducted
type1_1895|type1_reducted,type4_reducted
type1_2056|type1_reducted,type4_reducted
type1_66|type1_reducted,type4_reducted
type1_1072|type1_reducted,type4_reducted
type1_2035|type1_reducted,type4_reducted
type1_1167|type1_reducted,type4_reducted
type1_717|type1_reducted,type4_reducted
type1_785|type1_reducted,type4_reducted
type1_2547|type1_reducted,type4_reducted
type1_1993|type1_reducted,type4_reducted
type1_2142|type1_reducted,type4_reducted
type1_2363|type1_reducted,type4_reducted
type1_640|type1_reducted,type4_reducted
type1_274|type1_reducted,type4_reducted
type1_1164|type1_reducted,type4_reducted
type1_727|type1_reducted,type4_reducted
type1_1672|type1_reducted,type4_reducted
type1_1697|type1_reducted,type4_reducted
type1_1353|type1_reducted,type4_reducted
type1_2450|type1_reducted,type4_reducted
type1_1461|type1_reducted,type4_reducted
type1_1923|type1_reducted,type4_reducted
type1_301|type1_reducted,type4_reducted
type1_366|type1_reducted,type4_reducted
type1_896|type1_reducted,type4_reducted
type1_910|type1_reducted,type4_reducted
type1_2273|type1_reducted,type4_reducted
type1_1344|type1_reducted,type4_reducted
type1_36|type1_reducted,type4_reducted
type1_2292|type1_reducted,type4_reducted
type1_1471|type1_reducted,type4_reducted
type1_697|type1_reducted,type4_reducted
type1_620|type1_reducted,type4_reducted
type1_42|type1_reducted,type4_reducted
type1_1961|type1_reducted,type4_reducted
type1_2052|type1_reducted,type4_reducted
type1_1330|type1_reducted,type4_reducted
type1_2000|type1_reducted,type4_reducted
type1_39|type1_reducted,type4_reducted
type1_807|type1_reducted,type4_reducted
type1_1545|type1_reducted,type4_reducted
type1_540|type1_reducted,type4_reducted
type1_1575|type1_reducted,type4_reducted
type1_782|type1_reducted,type4_reducted
type1_1309|type1_reducted,type4_reducted
type1_1580|type1_reducted,type4_reducted
type1_2267|type1_reducted,type4_reducted
type1_2140|type1_reducted,type4_reducted
type1_938|type1_reducted,type4_reducted
type1_968|type1_reducted,type4_reducted
type1_1762|type1_reducted,type4_reducted
type1_211|type1_reducted,type4_reducted
type1_1798|type1_reducted,type4_reducted
type1_1382|type1_reducted,type4_reducted
type1_1925|type1_reducted,type2_reducted
type1_1459|type1_reducted,type4_reducted
type1_2049|type1_reducted,type4_reducted
type1_885|type1_reducted,type4_reducted
type1_2516|type1_reducted,type4_reducted
type1_1636|type1_reducted,type4_reducted
type1_1986|type1_reducted,type4_reducted
type1_244|type1_reducted,type4_reducted
type1_1240|type1_reducted,type4_reducted
type1_919|type1_reducted,type4_reducted
type1_1493|type1_reducted,type4_reducted
type1_832|type1_reducted,type4_reducted
type1_615|type1_reducted,type4_reducted
type1_1519|type1_reducted,type4_reducted
type1_1825|type1_reducted,type4_reducted
type1_1059|type1_reducted,type4_reducted
type1_1060|type1_reducted,type4_reducted
type1_1446|type1_reducted,type4_reducted
type1_1815|type1_reducted,type4_reducted
type1_2173|type1_reducted,type4_reducted
type1_2022|type1_reducted,type4_reducted
type1_2074|type1_reducted,type4_reducted
type1_2033|type1_reducted,type4_reducted
type1_1261|type1_reducted,type4_reducted
type1_221|type1_reducted,type4_reducted
type1_1252|type1_reducted,type4_reducted
type1_2180|type1_reducted,type4_reducted
type1_57|type1_reducted,type4_reducted
type1_510|type1_reducted,type4_reducted
type1_334|type1_reducted,type4_reducted
type1_2197|type1_reducted,type4_reducted
type1_1213|type1_reducted,type4_reducted
type1_1233|type1_reducted,type4_reducted
type1_385|type1_reducted,type4_reducted
type1_501|type1_reducted,type4_reducted
type1_322|type1_reducted,type4_reducted
type1_2367|type1_reducted,type4_reducted
type1_2480|type1_reducted,type4_reducted
type1_1853|type1_reducted,type4_reducted
type1_1232|type1_reducted,type4_reducted
type1_2449|type1_reducted,type4_reducted
type1_584|type1_reducted,type4_reducted
type1_1777|type1_reducted,type4_reducted
type1_2394|type1_reducted,type4_reducted
type1_1430|type1_reducted,type4_reducted
type1_2241|type1_reducted,type4_reducted
type1_94|type1_reducted,type4_reducted
type1_2500|type1_reducted,type4_reducted
type1_906|type1_reducted,type4_reducted
type1_435|type1_reducted,type4_reducted
type1_210|type1_reducted,type4_reducted
type1_758|type1_reducted,type4_reducted
type1_1980|type1_reducted,type4_reducted
type1_1101|type1_reducted,type4_reducted
type1_515|type1_reducted,type4_reducted
type1_2055|type1_reducted,type4_reducted
type1_63|type1_reducted,type4_reducted
type1_2568|type1_reducted,type4_reducted
type1_2510|type1_reducted,type4_reducted
type1_2115|type1_reducted,type4_reducted
type1_2205|type1_reducted,type4_reducted
type1_2434|type1_reducted,type4_reducted
type1_894|type1_reducted,type4_reducted
type1_2444|type1_reducted,type4_reducted
type1_1932|type1_reducted,type4_reducted
type1_2188|type1_reducted,type4_reducted
type1_1121|type1_reducted,type4_reducted
type1_583|type1_reducted,type4_reducted
type1_988|type1_reducted,type4_reducted
type1_1900|type1_reducted,type4_reducted
type1_44|type1_reducted,type4_reducted
type1_2012|type1_reducted,type4_reducted
type1_1|type1_reducted,type4_reducted
type1_2058|type1_reducted,type4_reducted
type1_1804|type1_reducted,type4_reducted
type1_2506|type1_reducted,type4_reducted
type1_1322|type1_reducted,type4_reducted
type1_1776|type1_reducted,type4_reducted
type1_1731|type1_reducted,type4_reducted
type1_2227|type1_reducted,type4_reducted
type1_1506|type1_reducted,type4_reducted
type1_400|type1_reducted,type4_reducted
type1_1701|type1_reducted,type4_reducted
type1_2529|type1_reducted,type4_reducted
type1_491|type1_reducted,type4_reducted
type1_1311|type1_reducted,type4_reducted
type1_1335|type1_reducted,type4_reducted
type1_1715|type1_reducted,type4_reducted
type1_647|type1_reducted,type4_reducted
type1_792|type1_reducted,type4_reducted
type1_2107|type1_reducted,type4_reducted
type1_2440|type1_reducted,type4_reducted
type1_2390|type1_reducted,type4_reducted
type1_1592|type1_reducted,type4_reducted
type1_1625|type1_reducted,type4_reducted
type1_1110|type1_reducted,type4_reducted
type1_699|type1_reducted,type4_reducted
type1_33|type1_reducted,type4_reducted
type1_880|type1_reducted,type4_reducted
type1_748|type1_reducted,type4_reducted
type1_849|type1_reducted,type4_reducted
type1_54|type1_reducted,type4_reducted
type1_136|type1_reducted,type4_reducted
type1_1899|type1_reducted,type4_reducted
type1_1945|type1_reducted,type4_reducted
type1_464|type1_reducted,type4_reducted
type1_1920|type1_reducted,type4_reducted
type1_251|type1_reducted,type4_reducted
type1_93|type1_reducted,type4_reducted
type1_302|type1_reducted,type4_reducted
type1_1227|type1_reducted,type4_reducted
type1_1004|type1_reducted,type4_reducted
type1_1660|type1_reducted,type4_reducted
type1_2458|type1_reducted,type4_reducted
type1_497|type1_reducted,type4_reducted
type1_2067|type1_reducted,type4_reducted
type1_1707|type1_reducted,type4_reducted
type1_237|type1_reducted,type4_reducted
type1_296|type1_reducted,type4_reducted
type1_1069|type1_reducted,type4_reducted
type1_213|type1_reducted,type4_reducted
type1_1839|type1_reducted,type4_reducted
type1_1347|type1_reducted,type4_reducted
type1_2347|type1_reducted,type4_reducted
type1_2100|type1_reducted,type4_reducted
type1_965|type1_reducted,type4_reducted
type1_1845|type1_reducted,type4_reducted
type1_1075|type1_reducted,type4_reducted
type1_972|type1_reducted,type4_reducted
type1_927|type1_reducted,type4_reducted
type1_1370|type1_reducted,type4_reducted
type1_1741|type1_reducted,type4_reducted
type1_1023|type1_reducted,type4_reducted
type1_719|type1_reducted,type4_reducted
type1_2255|type1_reducted,type4_reducted
type1_2028|type1_reducted,type4_reducted
type1_2310|type1_reducted,type4_reducted
type1_633|type1_reducted,type4_reducted
type1_656|type1_reducted,type2_reducted
type1_951|type1_reducted,type4_reducted
type1_1332|type1_reducted,type4_reducted
type1_940|type1_reducted,type4_reducted
type1_2294|type1_reducted,type4_reducted
type1_2535|type1_reducted,type4_reducted
type1_2214|type1_reducted,type4_reducted
type1_1219|type1_reducted,type4_reducted
type1_2029|type1_reducted,type4_reducted
type1_1976|type1_reducted,type4_reducted
type1_933|type1_reducted,type4_reducted
type1_767|type1_reducted,type4_reducted
type1_1661|type1_reducted,type4_reducted
type1_2038|type1_reducted,type4_reducted
type1_1092|type1_reducted,type4_reducted
type1_279|type1_reducted,type4_reducted
type1_370|type1_reducted,type4_reducted
type1_1739|type1_reducted,type4_reducted
type1_1054|type1_reducted,type4_reducted
type1_1241|type1_reducted,type4_reducted
type1_2063|type1_reducted,type4_reducted
type1_1510|type1_reducted,type4_reducted
type1_409|type1_reducted,type4_reducted
type1_2530|type1_reducted,type4_reducted
type1_775|type1_reducted,type4_reducted
type1_1033|type1_reducted,type4_reducted
type1_2463|type1_reducted,type4_reducted
type1_2179|type1_reducted,type4_reducted
type1_1951|type1_reducted,type4_reducted
type1_545|type1_reducted,type4_reducted
type1_2335|type1_reducted,type4_reducted
type1_1598|type1_reducted,type4_reducted
type1_12|type1_reducted,type4_reducted
type1_878|type1_reducted,type4_reducted
type1_1352|type1_reducted,type4_reducted
type1_2431|type1_reducted,type4_reducted
type1_1032|type1_reducted,type4_reducted
type1_108|type1_reducted,type4_reducted
type1_92|type1_reducted,type4_reducted
type1_2015|type1_reducted,type4_reducted
type1_1249|type1_reducted,type4_reducted
type1_351|type1_reducted,type4_reducted
type1_2351|type1_reducted,type4_reducted
type1_1467|type1_reducted,type4_reducted
type1_1690|type1_reducted,type4_reducted
type1_1014|type1_reducted,type4_reducted
type1_2060|type1_reducted,type4_reducted
type1_441|type1_reducted,type4_reducted
type1_462|type1_reducted,type4_reducted
type1_285|type1_reducted,type4_reducted
type1_2571|type1_reducted,type4_reducted
type1_382|type1_reducted,type4_reducted
type1_979|type1_reducted,type4_reducted
type1_893|type1_reducted,type4_reducted
type1_1017|type1_reducted,type4_reducted
type1_1903|type1_reducted,type2_reducted
type1_1695|type1_reducted,type4_reducted
type1_1051|type1_reducted,type4_reducted
type1_1704|type1_reducted,type4_reducted
type1_596|type1_reducted,type4_reducted
type1_266|type1_reducted,type4_reducted
type1_485|type1_reducted,type4_reducted
type1_1304|type1_reducted,type4_reducted
type1_1803|type1_reducted,type4_reducted
type1_1082|type1_reducted,type4_reducted
type1_2401|type1_reducted,type4_reducted
type1_86|type1_reducted,type4_reducted
type1_1091|type1_reducted,type4_reducted
type1_1287|type1_reducted,type4_reducted
type1_859|type1_reducted,type4_reducted
type1_2494|type1_reducted,type4_reducted
type1_1742|type1_reducted,type4_reducted
type1_1769|type1_reducted,type4_reducted
type1_2150|type1_reducted,type4_reducted
type1_1597|type1_reducted,type4_reducted
type1_589|type1_reducted,type4_reducted
type1_2005|type1_reducted,type4_reducted
type1_1053|type1_reducted,type4_reducted
type1_392|type1_reducted,type4_reducted
type1_1843|type1_reducted,type4_reducted
type1_911|type1_reducted,type4_reducted
type1_2415|type1_reducted,type4_reducted
type1_1942|type1_reducted,type4_reducted
type1_1238|type1_reducted,type4_reducted
type1_628|type1_reducted,type4_reducted
type1_144|type1_reducted,type4_reducted
type1_1949|type1_reducted,type4_reducted
type1_2204|type1_reducted,type4_reducted
type1_1256|type1_reducted,type4_reducted
type1_2010|type1_reducted,type4_reducted
type1_115|type1_reducted,type4_reducted
type1_801|type1_reducted,type4_reducted
type1_2339|type1_reducted,type4_reducted
type1_183|type1_reducted,type4_reducted
type1_730|type1_reducted,type4_reducted
type1_928|type1_reducted,type4_reducted
type1_1751|type1_reducted,type4_reducted
type1_1277|type1_reducted,type4_reducted
type1_177|type1_reducted,type4_reducted
type1_378|type1_reducted,type4_reducted
type1_2446|type1_reducted,type4_reducted
type1_1760|type1_reducted,type4_reducted
type1_1015|type1_reducted,type4_reducted
type1_2305|type1_reducted,type4_reducted
type1_2569|type1_reducted,type4_reducted
type1_1503|type1_reducted,type4_reducted
type1_2195|type1_reducted,type4_reducted
type1_1565|type1_reducted,type4_reducted
type1_692|type1_reducted,type4_reducted
type1_694|type1_reducted,type4_reducted
type1_2460|type1_reducted,type4_reducted
type1_569|type1_reducted,type4_reducted
type1_1003|type1_reducted,type4_reducted
type1_598|type1_reducted,type4_reducted
type1_1036|type1_reducted,type4_reducted
type1_1055|type1_reducted,type4_reducted
type1_2224|type1_reducted,type4_reducted
type1_2464|type1_reducted,type4_reducted
type1_978|type1_reducted,type4_reducted
type1_298|type1_reducted,type4_reducted
type1_228|type1_reducted,type4_reducted
type1_1837|type1_reducted,type4_reducted
type1_887|type1_reducted,type4_reducted
type1_715|type1_reducted,type4_reducted
type1_2391|type1_reducted,type4_reducted
type1_1262|type1_reducted,type4_reducted
type1_369|type1_reducted,type4_reducted
type1_1516|type1_reducted,type4_reducted
type1_1880|type1_reducted,type4_reducted
type1_2340|type1_reducted,type4_reducted
type1_2280|type1_reducted,type4_reducted
type1_1990|type1_reducted,type4_reducted
type1_325|type1_reducted,type4_reducted
type1_2158|type1_reducted,type4_reducted
type1_676|type1_reducted,type4_reducted
type1_2108|type1_reducted,type4_reducted
type1_1289|type1_reducted,type4_reducted
type1_2208|type1_reducted,type4_reducted
type1_1718|type1_reducted,type4_reducted
type1_2019|type1_reducted,type4_reducted
type1_1708|type1_reducted,type4_reducted
type1_1542|type1_reducted,type4_reducted
type1_2454|type1_reducted,type4_reducted
type1_2382|type1_reducted,type4_reducted
type1_329|type1_reducted,type4_reducted
type1_2467|type1_reducted,type4_reducted
type1_2125|type1_reducted,type4_reducted
type1_2548|type1_reducted,type4_reducted
type1_198|type1_reducted,type4_reducted
type1_38|type1_reducted,type4_reducted
type1_1212|type1_reducted,type4_reducted
type1_167|type1_reducted,type4_reducted
type1_1279|type1_reducted,type4_reducted
type1_444|type1_reducted,type4_reducted
type1_2157|type1_reducted,type4_reducted
type1_1926|type1_reducted,type4_reducted
type1_1174|type1_reducted,type4_reducted
type1_340|type1_reducted,type4_reducted
type1_1824|type1_reducted,type4_reducted
type1_2564|type1_reducted,type4_reducted
type1_1207|type1_reducted,type4_reducted
type1_1886|type1_reducted,type4_reducted
type1_780|type1_reducted,type4_reducted
type1_1177|type1_reducted,type4_reducted
type1_729|type1_reducted,type4_reducted
type1_466|type1_reducted,type4_reducted
type1_2543|type1_reducted,type4_reducted
type1_2099|type1_reducted,type4_reducted
type1_8|type1_reducted,type4_reducted
type1_2412|type1_reducted,type4_reducted
type1_1716|type1_reducted,type4_reducted
type1_826|type1_reducted,type4_reducted
type1_1393|type1_reducted,type4_reducted
type1_749|type1_reducted,type4_reducted
type1_1007|type1_reducted,type4_reducted
type1_1562|type1_reducted,type4_reducted
type1_970|type1_reducted,type4_reducted
type1_2536|type1_reducted,type4_reducted
type1_2297|type1_reducted,type4_reducted
type1_877|type1_reducted,type4_reducted
type1_662|type1_reducted,type4_reducted
type1_15|type1_reducted,type4_reducted
type1_1737|type1_reducted,type4_reducted
type1_339|type1_reducted,type4_reducted
type1_1604|type1_reducted,type4_reducted
type1_2084|type1_reducted,type4_reducted
type1_2004|type1_reducted,type4_reducted
type1_2538|type1_reducted,type4_reducted
type1_690|type1_reducted,type4_reducted
type1_1620|type1_reducted,type4_reducted
type1_2318|type1_reducted,type4_reducted
type1_143|type1_reducted,type4_reducted
type1_1341|type1_reducted,type4_reducted
type1_492|type1_reducted,type4_reducted
type1_1292|type1_reducted,type4_reducted
type1_270|type1_reducted,type4_reducted
type1_2098|type1_reducted,type4_reducted
type1_396|type1_reducted,type4_reducted
type1_1726|type1_reducted,type4_reducted
type1_1675|type1_reducted,type4_reducted
type1_100|type1_reducted,type4_reducted
type1_2322|type1_reducted,type4_reducted
type1_31|type1_reducted,type4_reducted
type1_576|type1_reducted,type4_reducted
type1_541|type1_reducted,type4_reducted
type1_573|type1_reducted,type4_reducted
type1_1355|type1_reducted,type4_reducted
type1_1076|type1_reducted,type4_reducted
type1_1087|type1_reducted,type4_reducted
type1_2416|type1_reducted,type4_reducted
type1_1599|type1_reducted,type4_reducted
type1_1543|type1_reducted,type4_reducted
type1_930|type1_reducted,type4_reducted
type1_338|type1_reducted,type4_reducted
type1_691|type1_reducted,type4_reducted
type1_2026|type1_reducted,type4_reducted
type1_948|type1_reducted,type4_reducted
type1_427|type1_reducted,type4_reducted
type1_483|type1_reducted,type4_reducted
type1_1373|type1_reducted,type4_reducted
type1_190|type1_reducted,type4_reducted
type1_1613|type1_reducted,type4_reducted
type1_1982|type1_reducted,type4_reducted
type1_184|type1_reducted,type4_reducted
type1_921|type1_reducted,type2_reducted
type1_2539|type1_reducted,type4_reducted
type1_1445|type1_reducted,type4_reducted
type1_422|type1_reducted,type4_reducted
type1_60|type1_reducted,type4_reducted
type1_84|type1_reducted,type4_reducted
type1_2298|type1_reducted,type4_reducted
type1_983|type1_reducted,type4_reducted
type1_1733|type1_reducted,type4_reducted
type1_737|type1_reducted,type4_reducted
type1_187|type1_reducted,type4_reducted
type1_1948|type1_reducted,type4_reducted
type1_2364|type1_reducted,type4_reducted
type1_2303|type1_reducted,type4_reducted
type1_1070|type1_reducted,type4_reducted
type1_771|type1_reducted,type4_reducted
type1_1037|type1_reducted,type4_reducted
type1_2323|type1_reducted,type4_reducted
type1_602|type1_reducted,type4_reducted
type1_1536|type1_reducted,type4_reducted
type1_2277|type1_reducted,type4_reducted
type1_937|type1_reducted,type4_reducted
type1_1321|type1_reducted,type4_reducted
type1_2329|type1_reducted,type4_reducted
type1_791|type1_reducted,type4_reducted
type1_580|type1_reducted,type4_reducted
type1_1470|type1_reducted,type4_reducted
type1_324|type1_reducted,type4_reducted
type1_1399|type1_reducted,type4_reducted
type1_701|type1_reducted,type4_reducted
type1_1475|type1_reducted,type4_reducted
type1_174|type1_reducted,type4_reducted
type1_1357|type1_reducted,type4_reducted
type1_681|type1_reducted,type4_reducted
type1_1780|type1_reducted,type4_reducted
type1_1200|type1_reducted,type4_reducted
type1_1644|type1_reducted,type4_reducted
type1_2368|type1_reducted,type4_reducted
type1_2044|type1_reducted,type4_reducted
type1_1413|type1_reducted,type4_reducted
type1_21|type1_reducted,type4_reducted
type1_2502|type1_reducted,type4_reducted
type1_1729|type1_reducted,type4_reducted
type1_2101|type1_reducted,type4_reducted
type1_1848|type1_reducted,type4_reducted
type1_55|type1_reducted,type4_reducted
type1_14|type1_reducted,type4_reducted
type1_843|type1_reducted,type4_reducted
type1_2128|type1_reducted,type4_reducted
type1_1626|type1_reducted,type4_reducted
type1_2091|type1_reducted,type4_reducted
type1_1988|type1_reducted,type4_reducted
type1_2404|type1_reducted,type4_reducted
type1_2046|type1_reducted,type4_reducted
type1_2437|type1_reducted,type4_reducted
type1_1170|type1_reducted,type4_reducted
type1_707|type1_reducted,type4_reducted
type1_1779|type1_reducted,type4_reducted
type1_2274|type1_reducted,type4_reducted
type1_1730|type1_reducted,type4_reducted
type1_1842|type1_reducted,type4_reducted
type1_129|type1_reducted,type4_reducted
type1_2193|type1_reducted,type4_reducted
type1_1049|type1_reducted,type4_reducted
type1_1868|type1_reducted,type4_reducted
type1_1005|type1_reducted,type4_reducted
type1_2236|type1_reducted,type4_reducted
type1_1264|type1_reducted,type4_reducted
type1_1892|type1_reducted,type4_reducted
type1_154|type1_reducted,type4_reducted
type1_1601|type1_reducted,type4_reducted
type1_1448|type1_reducted,type4_reducted
type1_206|type1_reducted,type4_reducted
type1_995|type1_reducted,type4_reducted
type1_1919|type1_reducted,type4_reducted
type1_756|type1_reducted,type4_reducted
type1_495|type1_reducted,type4_reducted
type1_243|type1_reducted,type4_reducted
type1_139|type1_reducted,type4_reducted
type1_806|type1_reducted,type4_reducted
type1_1960|type1_reducted,type4_reducted
type1_2512|type1_reducted,type4_reducted
type1_1587|type1_reducted,type4_reducted
type1_2421|type1_reducted,type4_reducted
type1_72|type1_reducted,type4_reducted
type1_1028|type1_reducted,type4_reducted
type1_138|type1_reducted,type4_reducted
type1_914|type1_reducted,type4_reducted
type1_1856|type1_reducted,type4_reducted
type1_991|type1_reducted,type4_reducted
type1_2008|type1_reducted,type4_reducted
type1_1081|type1_reducted,type4_reducted
type1_1670|type1_reducted,type4_reducted
type1_11|type1_reducted,type4_reducted
type1_1579|type1_reducted,type4_reducted
type1_599|type1_reducted,type2_reducted
type1_2349|type1_reducted,type4_reducted
type1_1334|type1_reducted,type4_reducted
type1_1323|type1_reducted,type4_reducted
type1_2488|type1_reducted,type4_reducted
type1_2114|type1_reducted,type4_reducted
type1_1431|type1_reducted,type4_reducted
type1_512|type1_reducted,type4_reducted
type1_381|type1_reducted,type4_reducted
type1_1199|type1_reducted,type4_reducted
type1_1809|type1_reducted,type4_reducted
type1_809|type1_reducted,type4_reducted
type1_2141|type1_reducted,type4_reducted
type1_1782|type1_reducted,type4_reducted
type1_959|type1_reducted,type4_reducted
type1_454|type1_reducted,type4_reducted
type1_1214|type1_reducted,type4_reducted
type1_309|type1_reducted,type4_reducted
type1_1605|type1_reducted,type4_reducted
type1_1463|type1_reducted,type4_reducted
type1_1242|type1_reducted,type4_reducted
type1_635|type1_reducted,type4_reducted
type1_1997|type1_reducted,type4_reducted
type1_2090|type1_reducted,type4_reducted
type1_1787|type1_reducted,type4_reducted
type1_2465|type1_reducted,type4_reducted
type1_1974|type1_reducted,type4_reducted
type1_1253|type1_reducted,type4_reducted
type1_1293|type1_reducted,type4_reducted
type1_1530|type1_reducted,type4_reducted
type1_2476|type1_reducted,type4_reducted
type1_1721|type1_reducted,type4_reducted
type1_794|type1_reducted,type4_reducted
type1_2030|type1_reducted,type4_reducted
type1_632|type1_reducted,type4_reducted
type1_1473|type1_reducted,type4_reducted
type1_443|type1_reducted,type4_reducted
type1_1570|type1_reducted,type4_reducted
type1_793|type1_reducted,type4_reducted
type1_2321|type1_reducted,type4_reducted
type1_665|type1_reducted,type4_reducted
type1_1376|type1_reducted,type4_reducted
type1_284|type1_reducted,type4_reducted
type1_2285|type1_reducted,type4_reducted
type1_1286|type1_reducted,type4_reducted
type1_77|type1_reducted,type4_reducted
type1_2202|type1_reducted,type4_reducted
type1_1220|type1_reducted,type4_reducted
type1_611|type1_reducted,type4_reducted
type1_610|type1_reducted,type4_reducted
type1_2461|type1_reducted,type4_reducted
type1_2230|type1_reducted,type4_reducted
type1_738|type1_reducted,type4_reducted
type1_1646|type1_reducted,type4_reducted
type1_788|type1_reducted,type4_reducted
type1_1478|type1_reducted,type4_reducted
type1_2290|type1_reducted,type4_reducted
type1_80|type1_reducted,type4_reducted
type1_123|type1_reducted,type4_reducted
type1_1723|type1_reducted,type4_reducted
type1_608|type1_reducted,type4_reducted
type1_2312|type1_reducted,type4_reducted
type1_1229|type1_reducted,type4_reducted
type1_1079|type1_reducted,type4_reducted
type1_828|type1_reducted,type4_reducted
type1_1830|type1_reducted,type4_reducted
type1_484|type1_reducted,type4_reducted
type1_1811|type1_reducted,type4_reducted
type1_2503|type1_reducted,type4_reducted
type1_1611|type1_reducted,type4_reducted
type1_518|type1_reducted,type4_reducted
type1_1012|type1_reducted,type4_reducted
type1_1099|type1_reducted,type4_reducted
type1_789|type1_reducted,type4_reducted
type1_1280|type1_reducted,type4_reducted
type1_1691|type1_reducted,type4_reducted
type1_1435|type1_reducted,type4_reducted
type1_1098|type1_reducted,type4_reducted
type1_419|type1_reducted,type4_reducted
type1_1790|type1_reducted,type4_reducted
type1_585|type1_reducted,type4_reducted
type1_2235|type1_reducted,type4_reducted
type1_418|type1_reducted,type4_reducted
type1_2094|type1_reducted,type4_reducted
type1_2156|type1_reducted,type4_reducted
type1_101|type1_reducted,type4_reducted
type1_344|type1_reducted,type4_reducted
type1_134|type1_reducted,type4_reducted
type1_1380|type1_reducted,type4_reducted
type1_1392|type1_reducted,type4_reducted
type1_1603|type1_reducted,type4_reducted
type1_557|type1_reducted,type4_reducted
type1_1254|type1_reducted,type4_reducted
type1_1709|type1_reducted,type4_reducted
type1_2517|type1_reducted,type4_reducted
type1_2286|type1_reducted,type4_reducted
type1_1943|type1_reducted,type4_reducted
type1_306|type1_reducted,type4_reducted
type1_1276|type1_reducted,type4_reducted
type1_686|type1_reducted,type4_reducted
type1_2229|type1_reducted,type4_reducted
type1_2566|type1_reducted,type4_reducted
type1_870|type1_reducted,type4_reducted
type1_157|type1_reducted,type4_reducted
type1_1674|type1_reducted,type4_reducted
type1_1801|type1_reducted,type4_reducted
type1_1817|type1_reducted,type4_reducted
type1_1996|type1_reducted,type4_reducted
type1_2324|type1_reducted,type4_reducted
type1_1497|type1_reducted,type4_reducted
type1_1773|type1_reducted,type4_reducted
type1_2501|type1_reducted,type4_reducted
type1_2048|type1_reducted,type4_reducted
type1_781|type1_reducted,type4_reducted
type1_1793|type1_reducted,type4_reducted
type1_239|type1_reducted,type4_reducted
type1_689|type1_reducted,type4_reducted
type1_1937|type1_reducted,type4_reducted
type1_655|type1_reducted,type4_reducted
type1_2485|type1_reducted,type4_reducted
type1_1476|type1_reducted,type4_reducted
type1_1556|type1_reducted,type4_reducted
type1_1727|type1_reducted,type4_reducted
type1_291|type1_reducted,type4_reducted
type1_186|type1_reducted,type4_reducted
type1_1673|type1_reducted,type4_reducted
type1_650|type1_reducted,type2_reducted
type1_1736|type1_reducted,type4_reducted
type1_1852|type1_reducted,type4_reducted
type1_579|type1_reducted,type4_reducted
type1_1657|type1_reducted,type4_reducted
type1_64|type1_reducted,type4_reducted
type1_1526|type1_reducted,type4_reducted
type1_1685|type1_reducted,type4_reducted
type1_2139|type1_reducted,type4_reducted
type1_1595|type1_reducted,type4_reducted
type1_124|type1_reducted,type4_reducted
type1_1080|type1_reducted,type4_reducted
type1_984|type1_reducted,type4_reducted
type1_2345|type1_reducted,type4_reducted
type1_450|type1_reducted,type4_reducted
type1_841|type1_reducted,type4_reducted
type1_1507|type1_reducted,type4_reducted
type1_65|type1_reducted,type4_reducted
type1_805|type1_reducted,type4_reducted
type1_2403|type1_reducted,type4_reducted
type1_827|type1_reducted,type4_reducted
type1_2160|type1_reducted,type4_reducted
type1_810|type1_reducted,type4_reducted
type1_2071|type1_reducted,type4_reducted
type1_2486|type1_reducted,type4_reducted
type1_2131|type1_reducted,type4_reducted
type1_815|type1_reducted,type4_reducted
type1_1255|type1_reducted,type4_reducted
type1_871|type1_reducted,type4_reducted
type1_281|type1_reducted,type4_reducted
type1_2365|type1_reducted,type4_reducted
type1_711|type1_reducted,type4_reducted
type1_609|type1_reducted,type4_reducted
type1_2331|type1_reducted,type4_reducted
type1_605|type1_reducted,type4_reducted
type1_814|type1_reducted,type4_reducted
type1_802|type1_reducted,type4_reducted
type1_736|type1_reducted,type4_reducted
type1_829|type1_reducted,type4_reducted
type1_315|type1_reducted,type4_reducted
type1_383|type1_reducted,type4_reducted
type1_1045|type1_reducted,type4_reducted
type1_1421|type1_reducted,type4_reducted
type1_1401|type1_reducted,type4_reducted
type1_2507|type1_reducted,type4_reducted
type1_487|type1_reducted,type4_reducted
type1_1013|type1_reducted,type4_reducted
type1_2432|type1_reducted,type4_reducted
type1_1692|type1_reducted,type4_reducted
type1_1794|type1_reducted,type4_reducted
type1_520|type1_reducted,type4_reducted
type1_1640|type1_reducted,type4_reducted
type1_575|type1_reducted,type4_reducted
type1_1814|type1_reducted,type4_reducted
type1_156|type1_reducted,type4_reducted
type1_2025|type1_reducted,type4_reducted
type1_844|type1_reducted,type4_reducted
type1_230|type1_reducted,type4_reducted
type1_319|type1_reducted,type4_reducted
type1_2361|type1_reducted,type4_reducted
type1_45|type1_reducted,type4_reducted
type1_151|type1_reducted,type4_reducted
type1_1555|type1_reducted,type4_reducted
type1_307|type1_reducted,type4_reducted
type1_1008|type1_reducted,type4_reducted
type1_1190|type1_reducted,type4_reducted
type1_13|type1_reducted,type4_reducted
type1_2|type1_reducted,type4_reducted
type1_1870|type1_reducted,type4_reducted
type1_2376|type1_reducted,type4_reducted
type1_564|type1_reducted,type4_reducted
type1_1648|type1_reducted,type4_reducted
type1_1797|type1_reducted,type4_reducted
type1_1561|type1_reducted,type4_reducted
type1_1066|type1_reducted,type4_reducted
type1_362|type1_reducted,type4_reducted
type1_1310|type1_reducted,type4_reducted
type1_834|type1_reducted,type4_reducted
type1_1305|type1_reducted,type4_reducted
type1_1745|type1_reducted,type4_reducted
type1_534|type1_reducted,type4_reducted
type1_305|type1_reducted,type4_reducted
type1_2002|type1_reducted,type4_reducted
type1_624|type1_reducted,type4_reducted
type1_1796|type1_reducted,type4_reducted
type1_1998|type1_reducted,type4_reducted
type1_2429|type1_reducted,type4_reducted
type1_1284|type1_reducted,type4_reducted
type1_1046|type1_reducted,type4_reducted
type1_2554|type1_reducted,type4_reducted
type1_2253|type1_reducted,type4_reducted
type1_1197|type1_reducted,type4_reducted
type1_1807|type1_reducted,type4_reducted
type1_1065|type1_reducted,type4_reducted
type1_1606|type1_reducted,type4_reducted
type1_1414|type1_reducted,type4_reducted
type1_1483|type1_reducted,type4_reducted
type1_649|type1_reducted,type4_reducted
type1_438|type1_reducted,type4_reducted
type1_1833|type1_reducted,type4_reducted
type1_525|type1_reducted,type4_reducted
type1_1050|type1_reducted,type4_reducted
type1_594|type1_reducted,type4_reducted
type1_2118|type1_reducted,type4_reducted
type1_1083|type1_reducted,type4_reducted
type1_1583|type1_reducted,type4_reducted
type1_365|type1_reducted,type4_reducted
type1_2259|type1_reducted,type4_reducted
type1_411|type1_reducted,type4_reducted
type1_1553|type1_reducted,type4_reducted
type1_2083|type1_reducted,type4_reducted
type1_1659|type1_reducted,type4_reducted
type1_909|type1_reducted,type4_reducted
type1_233|type1_reducted,type4_reducted
type1_1338|type1_reducted,type4_reducted
type1_2016|type1_reducted,type4_reducted
type1_2498|type1_reducted,type4_reducted
type1_488|type1_reducted,type4_reducted
type1_1336|type1_reducted,type4_reducted
type1_2560|type1_reducted,type4_reducted
type1_2050|type1_reducted,type4_reducted
type1_90|type1_reducted,type4_reducted
type1_2080|type1_reducted,type4_reducted
type1_2348|type1_reducted,type4_reducted
type1_420|type1_reducted,type4_reducted
type1_2452|type1_reducted,type4_reducted
type1_744|type1_reducted,type4_reducted
type1_851|type1_reducted,type4_reducted
type1_1308|type1_reducted,type4_reducted
type1_207|type1_reducted,type4_reducted
type1_1810|type1_reducted,type4_reducted
type1_2254|type1_reducted,type4_reducted
type1_953|type1_reducted,type4_reducted
type1_1746|type1_reducted,type4_reducted
type1_41|type1_reducted,type4_reducted
type1_507|type1_reducted,type4_reducted
type1_674|type1_reducted,type4_reducted
type1_1342|type1_reducted,type4_reducted
type1_2191|type1_reducted,type4_reducted
type1_2174|type1_reducted,type4_reducted
type1_1397|type1_reducted,type4_reducted
type1_774|type1_reducted,type4_reducted
type1_332|type1_reducted,type4_reducted
type1_1783|type1_reducted,type4_reducted
type1_2266|type1_reducted,type4_reducted
type1_1157|type1_reducted,type4_reducted
type1_10|type1_reducted,type4_reducted
type1_2459|type1_reducted,type4_reducted
type1_34|type1_reducted,type4_reducted
type1_82|type1_reducted,type4_reducted
type1_2145|type1_reducted,type4_reducted
type1_981|type1_reducted,type4_reducted
type1_824|type1_reducted,type4_reducted
type1_172|type1_reducted,type4_reducted
type1_1327|type1_reducted,type4_reducted
type1_477|type1_reducted,type4_reducted
type1_314|type1_reducted,type4_reducted
type1_1834|type1_reducted,type4_reducted
type1_856|type1_reducted,type4_reducted
type1_1295|type1_reducted,type4_reducted
type1_741|type1_reducted,type4_reducted
type1_1453|type1_reducted,type4_reducted
type1_516|type1_reducted,type4_reducted
type1_1165|type1_reducted,type4_reducted
type1_990|type1_reducted,type4_reducted
type1_155|type1_reducted,type4_reducted
type1_23|type1_reducted,type4_reducted
type1_2523|type1_reducted,type4_reducted
type1_68|type1_reducted,type4_reducted
type1_1131|type1_reducted,type4_reducted
type1_1499|type1_reducted,type4_reducted
type1_1634|type1_reducted,type4_reducted
type1_498|type1_reducted,type4_reducted
type1_1222|type1_reducted,type4_reducted
type1_2219|type1_reducted,type4_reducted
type1_2034|type1_reducted,type4_reducted
type1_1109|type1_reducted,type4_reducted
type1_2106|type1_reducted,type4_reducted
type1_808|type1_reducted,type4_reducted
type1_2127|type1_reducted,type4_reducted
type1_408|type1_reducted,type4_reducted
type1_1799|type1_reducted,type4_reducted
type1_2411|type1_reducted,type4_reducted
type1_582|type1_reducted,type4_reducted
type1_1820|type1_reducted,type4_reducted
type1_2271|type1_reducted,type4_reducted
type1_1836|type1_reducted,type4_reducted
type1_1303|type1_reducted,type4_reducted
type1_2226|type1_reducted,type4_reducted
type1_1819|type1_reducted,type4_reducted
type1_2203|type1_reducted,type4_reducted
type1_1854|type1_reducted,type4_reducted
type1_1011|type1_reducted,type4_reducted
type1_2442|type1_reducted,type4_reducted
type1_1296|type1_reducted,type4_reducted
type1_368|type1_reducted,type4_reducted
type1_2369|type1_reducted,type4_reducted
type1_1266|type1_reducted,type4_reducted
type1_51|type1_reducted,type4_reducted
type1_341|type1_reducted,type4_reducted
type1_1963|type1_reducted,type4_reducted
type1_459|type1_reducted,type4_reducted
type1_1107|type1_reducted,type4_reducted
type1_482|type1_reducted,type4_reducted
type1_1468|type1_reducted,type4_reducted
type1_442|type1_reducted,type4_reducted
type1_2509|type1_reducted,type4_reducted
type1_242|type1_reducted,type4_reducted
type1_2196|type1_reducted,type4_reducted
type1_2172|type1_reducted,type4_reducted
type1_1878|type1_reducted,type4_reducted
type1_1337|type1_reducted,type4_reducted
type1_875|type1_reducted,type4_reducted
type1_864|type1_reducted,type4_reducted
type1_1934|type1_reducted,type4_reducted
type1_2133|type1_reducted,type4_reducted
type1_1975|type1_reducted,type4_reducted
type1_79|type1_reducted,type4_reducted
type1_742|type1_reducted,type4_reducted
type1_1104|type1_reducted,type4_reducted
type1_1407|type1_reducted,type4_reducted
type1_2466|type1_reducted,type4_reducted
type1_897|type1_reducted,type4_reducted
type1_1444|type1_reducted,type4_reducted
type1_1532|type1_reducted,type4_reducted
type1_130|type1_reducted,type4_reducted
type1_762|type1_reducted,type4_reducted
type1_2129|type1_reducted,type4_reducted
type1_256|type1_reducted,type4_reducted
type1_46|type1_reducted,type4_reducted
type1_769|type1_reducted,type4_reducted
type1_796|type1_reducted,type4_reducted
type1_677|type1_reducted,type4_reducted
type1_2489|type1_reducted,type4_reducted
type1_1861|type1_reducted,type4_reducted
type1_1114|type1_reducted,type4_reducted
type1_740|type1_reducted,type4_reducted
type1_2366|type1_reducted,type4_reducted
type1_1002|type1_reducted,type4_reducted
type1_543|type1_reducted,type4_reducted
type1_2001|type1_reducted,type4_reducted
type1_259|type1_reducted,type4_reducted
type1_145|type1_reducted,type4_reducted
type1_48|type1_reducted,type4_reducted
type1_1582|type1_reducted,type4_reducted
type1_1546|type1_reducted,type4_reducted
type1_1160|type1_reducted,type4_reducted
type1_1196|type1_reducted,type4_reducted
type1_2258|type1_reducted,type4_reducted
type1_1288|type1_reducted,type4_reducted
type1_1123|type1_reducted,type4_reducted
type1_2086|type1_reducted,type4_reducted
type1_590|type1_reducted,type4_reducted
type1_2216|type1_reducted,type4_reducted
type1_1714|type1_reducted,type4_reducted
type1_1826|type1_reducted,type4_reducted
type1_467|type1_reducted,type4_reducted
type1_1600|type1_reducted,type4_reducted
type1_502|type1_reducted,type4_reducted
type1_1362|type1_reducted,type4_reducted
type1_1537|type1_reducted,type4_reducted
type1_1094|type1_reducted,type4_reducted
type1_2151|type1_reducted,type4_reducted
type1_2317|type1_reducted,type4_reducted
type1_1006|type1_reducted,type4_reducted
type1_1623|type1_reducted,type4_reducted
type1_1768|type1_reducted,type4_reducted
type1_448|type1_reducted,type4_reducted
type1_1383|type1_reducted,type4_reducted
type1_562|type1_reducted,type4_reducted
type1_1576|type1_reducted,type4_reducted
type1_1451|type1_reducted,type4_reducted
type1_1426|type1_reducted,type4_reducted
type1_2388|type1_reducted,type4_reducted
type1_1608|type1_reducted,type4_reducted
type1_455|type1_reducted,type4_reducted
type1_721|type1_reducted,type4_reducted
type1_2301|type1_reducted,type4_reducted
type1_1363|type1_reducted,type4_reducted
type1_1226|type1_reducted,type4_reducted
type1_1523|type1_reducted,type4_reducted
type1_950|type1_reducted,type4_reducted
type1_107|type1_reducted,type4_reducted
type1_2075|type1_reducted,type4_reducted
type1_304|type1_reducted,type4_reducted
type1_2023|type1_reducted,type4_reducted
type1_2152|type1_reducted,type4_reducted
type1_1128|type1_reducted,type4_reducted
type1_879|type1_reducted,type4_reducted
type1_2405|type1_reducted,type4_reducted
type1_2223|type1_reducted,type4_reducted
type1_2003|type1_reducted,type4_reducted
type1_1985|type1_reducted,type4_reducted
type1_1581|type1_reducted,type4_reducted
type1_52|type1_reducted,type4_reducted
type1_1093|type1_reducted,type4_reducted
type1_1495|type1_reducted,type4_reducted
type1_1765|type1_reducted,type4_reducted
type1_2350|type1_reducted,type4_reducted
type1_191|type1_reducted,type4_reducted
type1_2526|type1_reducted,type4_reducted
type1_2293|type1_reducted,type4_reducted
type1_1306|type1_reducted,type4_reducted
type1_1509|type1_reducted,type4_reducted
type1_1182|type1_reducted,type4_reducted
type1_456|type1_reducted,type4_reducted
type1_1024|type1_reducted,type4_reducted
type1_1557|type1_reducted,type4_reducted
type1_222|type1_reducted,type4_reducted
type1_5|type1_reducted,type4_reducted
type1_1664|type1_reducted,type4_reducted
type1_1533|type1_reducted,type4_reducted
type1_241|type1_reducted,type4_reducted
type1_2130|type1_reducted,type4_reducted
type1_1058|type1_reducted,type4_reducted
type1_800|type1_reducted,type4_reducted
type1_1425|type1_reducted,type4_reducted
type1_1340|type1_reducted,type4_reducted
type1_342|type1_reducted,type4_reducted
type1_622|type1_reducted,type4_reducted
type1_1150|type1_reducted,type4_reducted
type1_347|type1_reducted,type4_reducted
type1_1724|type1_reducted,type4_reducted
type1_511|type1_reducted,type4_reducted
type1_252|type1_reducted,type4_reducted
type1_1235|type1_reducted,type4_reducted
type1_1515|type1_reducted,type4_reducted
type1_1702|type1_reducted,type4_reducted
type1_2477|type1_reducted,type4_reducted
type1_1154|type1_reducted,type4_reducted
type1_238|type1_reducted,type4_reducted
type1_192|type1_reducted,type4_reducted
type1_2117|type1_reducted,type4_reducted
type1_1767|type1_reducted,type4_reducted
type1_1381|type1_reducted,type4_reducted
type1_1671|type1_reducted,type4_reducted
type1_1316|type1_reducted,type4_reducted
type1_1641|type1_reducted,type4_reducted
type1_778|type1_reducted,type4_reducted
type1_1447|type1_reducted,type4_reducted
type1_2178|type1_reducted,type4_reducted
type1_1748|type1_reducted,type4_reducted
type1_1349|type1_reducted,type4_reducted
type1_372|type1_reducted,type4_reducted
type1_1418|type1_reducted,type4_reducted
type1_1629|type1_reducted,type4_reducted
type1_2567|type1_reducted,type4_reducted
type1_47|type1_reducted,type4_reducted
type1_1652|type1_reducted,type4_reducted
type1_1108|type1_reducted,type4_reducted
type1_1460|type1_reducted,type4_reducted
type1_1169|type1_reducted,type4_reducted
type1_942|type1_reducted,type4_reducted
type1_133|type1_reducted,type4_reducted
type1_417|type1_reducted,type4_reducted
type1_226|type1_reducted,type4_reducted
type1_743|type1_reducted,type4_reducted
type1_1694|type1_reducted,type4_reducted
type1_2233|type1_reducted,type4_reducted
type1_103|type1_reducted,type4_reducted
type1_825|type1_reducted,type4_reducted
type1_254|type1_reducted,type4_reducted
type1_2470|type1_reducted,type4_reducted
type1_1645|type1_reducted,type4_reducted
type1_310|type1_reducted,type4_reducted
type1_718|type1_reducted,type4_reducted
type1_1772|type1_reducted,type4_reducted
type1_1662|type1_reducted,type4_reducted
type1_895|type1_reducted,type4_reducted
type1_2355|type1_reducted,type4_reducted
type1_1548|type1_reducted,type4_reducted
type1_934|type1_reducted,type4_reducted
type1_2448|type1_reducted,type4_reducted
type1_1573|type1_reducted,type4_reducted
type1_1984|type1_reducted,type4_reducted
type1_2061|type1_reducted,type4_reducted
type1_1752|type1_reducted,type4_reducted
type1_1440|type1_reducted,type4_reducted
type1_2462|type1_reducted,type4_reducted
type1_1379|type1_reducted,type4_reducted
type1_1100|type1_reducted,type4_reducted
type1_2492|type1_reducted,type4_reducted
type1_2519|type1_reducted,type4_reducted
type1_1891|type1_reducted,type4_reducted
type1_245|type1_reducted,type4_reducted
type1_1669|type1_reducted,type4_reducted
type1_89|type1_reducted,type4_reducted
type1_1482|type1_reducted,type4_reducted
type1_1299|type1_reducted,type4_reducted
type1_712|type1_reducted,type4_reducted
type1_2435|type1_reducted,type4_reducted
type1_820|type1_reducted,type4_reducted
type1_2162|type1_reducted,type4_reducted
type1_1433|type1_reducted,type4_reducted
type1_1591|type1_reducted,type4_reducted
type1_1637|type1_reducted,type4_reducted
type1_1647|type1_reducted,type4_reducted
type1_150|type1_reducted,type4_reducted
type1_908|type1_reducted,type4_reducted
type1_377|type1_reducted,type4_reducted
type1_2212|type1_reducted,type4_reducted
type1_846|type1_reducted,type4_reducted
type1_1528|type1_reducted,type4_reducted
type1_1300|type1_reducted,type4_reducted
type1_861|type1_reducted,type4_reducted
type1_1223|type1_reducted,type4_reducted
type1_2169|type1_reducted,type4_reducted
type1_621|type1_reducted,type4_reducted
type1_1687|type1_reducted,type4_reducted
type1_1805|type1_reducted,type4_reducted
type1_421|type1_reducted,type4_reducted
type1_53|type1_reducted,type4_reducted
type1_128|type1_reducted,type4_reducted
type1_106|type1_reducted,type4_reducted
type1_2135|type1_reducted,type4_reducted
type1_2182|type1_reducted,type4_reducted
type1_1452|type1_reducted,type4_reducted
type1_552|type1_reducted,type4_reducted
type1_2549|type1_reducted,type4_reducted
type1_246|type1_reducted,type4_reducted
type1_867|type1_reducted,type4_reducted
type1_2200|type1_reducted,type4_reducted
type1_402|type1_reducted,type4_reducted
type1_1168|type1_reducted,type4_reducted
type1_2392|type1_reducted,type4_reducted
type1_358|type1_reducted,type4_reducted
type1_1027|type1_reducted,type4_reducted
type1_1962|type1_reducted,type4_reducted
type1_1018|type1_reducted,type4_reducted
type1_757|type1_reducted,type4_reducted
type1_1442|type1_reducted,type4_reducted
type1_2362|type1_reducted,type4_reducted
type1_2471|type1_reducted,type4_reducted
type1_413|type1_reducted,type4_reducted
type1_204|type1_reducted,type4_reducted
type1_74|type1_reducted,type4_reducted
type1_333|type1_reducted,type4_reducted
type1_2393|type1_reducted,type4_reducted
type1_816|type1_reducted,type4_reducted
type1_772|type1_reducted,type4_reducted
type1_399|type1_reducted,type4_reducted
type1_2105|type1_reducted,type4_reducted
type1_468|type1_reducted,type4_reducted
type1_1958|type1_reducted,type4_reducted
type1_320|type1_reducted,type4_reducted
type1_2398|type1_reducted,type4_reducted
type1_2283|type1_reducted,type4_reducted
type1_1615|type1_reducted,type2_reducted
type1_1466|type1_reducted,type4_reducted
type1_2551|type1_reducted,type4_reducted
type1_331|type1_reducted,type4_reducted
type1_261|type1_reducted,type4_reducted
type1_544|type1_reducted,type4_reducted
type1_923|type1_reducted,type4_reducted
type1_278|type1_reducted,type4_reducted
type1_432|type1_reducted,type4_reducted
type1_185|type1_reducted,type4_reducted
type1_1764|type1_reducted,type4_reducted
type1_2122|type1_reducted,type4_reducted
type1_1458|type1_reducted,type4_reducted
type1_1257|type1_reducted,type4_reducted
type1_1784|type1_reducted,type4_reducted
type1_1857|type1_reducted,type4_reducted
type1_1631|type1_reducted,type4_reducted
type1_1409|type1_reducted,type4_reducted
type1_376|type1_reducted,type4_reducted
type1_553|type1_reducted,type4_reducted
type1_567|type1_reducted,type4_reducted
type1_833|type1_reducted,type4_reducted
type1_915|type1_reducted,type4_reducted
type1_2256|type1_reducted,type4_reducted
type1_1001|type1_reducted,type4_reducted
type1_1863|type1_reducted,type4_reducted
type1_110|type1_reducted,type4_reducted
type1_398|type1_reducted,type4_reducted
type1_966|type1_reducted,type4_reducted
type1_947|type1_reducted,type4_reducted
type1_663|type1_reducted,type4_reducted
type1_1390|type1_reducted,type4_reducted
type1_3|type1_reducted,type4_reducted
type1_2495|type1_reducted,type4_reducted
type1_346|type1_reducted,type4_reducted
type1_343|type1_reducted,type4_reducted
type1_845|type1_reducted,type4_reducted
type1_2436|type1_reducted,type4_reducted
type1_1189|type1_reducted,type4_reducted
type1_1851|type1_reducted,type4_reducted
type1_280|type1_reducted,type4_reducted
type1_1910|type1_reducted,type4_reducted
type1_2487|type1_reducted,type4_reducted
type1_1877|type1_reducted,type4_reducted
type1_508|type1_reducted,type4_reducted
type1_19|type1_reducted,type4_reducted
type1_971|type1_reducted,type4_reducted
type1_1387|type1_reducted,type4_reducted
type1_1115|type1_reducted,type4_reducted
type1_2524|type1_reducted,type4_reducted
type1_1498|type1_reducted,type4_reducted
type1_2146|type1_reducted,type4_reducted
type1_224|type1_reducted,type4_reducted
type1_1026|type1_reducted,type4_reducted
type1_1184|type1_reducted,type4_reducted
type1_2036|type1_reducted,type4_reducted
type1_227|type1_reducted,type4_reducted
type1_1097|type1_reducted,type4_reducted
type1_823|type1_reducted,type4_reducted
type1_193|type1_reducted,type4_reducted
type1_1593|type1_reducted,type4_reducted
type1_1039|type1_reducted,type4_reducted
type1_2342|type1_reducted,type4_reducted
type1_709|type1_reducted,type4_reducted
type1_1840|type1_reducted,type4_reducted
type1_1850|type1_reducted,type4_reducted
type1_706|type1_reducted,type4_reducted
type1_1345|type1_reducted,type4_reducted
type1_977|type1_reducted,type4_reducted
type1_922|type1_reducted,type4_reducted
type1_1281|type1_reducted,type4_reducted
type1_2213|type1_reducted,type4_reducted
type1_1484|type1_reducted,type4_reducted
type1_1375|type1_reducted,type4_reducted
type1_1911|type1_reducted,type4_reducted
type1_547|type1_reducted,type4_reducted
type1_1166|type1_reducted,type4_reducted
type1_1096|type1_reducted,type4_reducted
type1_960|type1_reducted,type4_reducted
type1_1398|type1_reducted,type4_reducted
type1_695|type1_reducted,type4_reducted
type1_2334|type1_reducted,type4_reducted
type1_426|type1_reducted,type4_reducted
type1_1395|type1_reducted,type4_reducted
type1_1785|type1_reducted,type4_reducted
type1_1717|type1_reducted,type4_reducted
type1_1630|type1_reducted,type4_reducted
type1_535|type1_reducted,type4_reducted
type1_2170|type1_reducted,type4_reducted
type1_803|type1_reducted,type4_reducted
type1_1198|type1_reducted,type4_reducted
type1_527|type1_reducted,type4_reducted
type1_1559|type1_reducted,type4_reducted
type1_1271|type1_reducted,type4_reducted
type1_197|type1_reducted,type4_reducted
type1_1429|type1_reducted,type4_reducted
type1_578|type1_reducted,type4_reducted
type1_2402|type1_reducted,type4_reducted
type1_1328|type1_reducted,type4_reducted
type1_644|type1_reducted,type4_reducted
type1_2358|type1_reducted,type4_reducted
type1_848|type1_reducted,type4_reducted
type1_2018|type1_reducted,type4_reducted
type1_2126|type1_reducted,type4_reducted
type1_2399|type1_reducted,type4_reducted
type1_2534|type1_reducted,type4_reducted
type1_857|type1_reducted,type4_reducted
type1_391|type1_reducted,type4_reducted
type1_1973|type1_reducted,type4_reducted
type1_687|type1_reducted,type4_reducted
type1_892|type1_reducted,type4_reducted
type1_2176|type1_reducted,type4_reducted
type1_1808|type1_reducted,type4_reducted
type1_2006|type1_reducted,type4_reducted
type1_996|type1_reducted,type4_reducted
type1_1885|type1_reducted,type4_reducted
type1_1939|type1_reducted,type4_reducted
type1_1038|type1_reducted,type4_reducted
type1_62|type1_reducted,type4_reducted
type1_1156|type1_reducted,type4_reducted
type1_821|type1_reducted,type4_reducted
type1_2493|type1_reducted,type4_reducted
type1_1450|type1_reducted,type4_reducted
type1_763|type1_reducted,type4_reducted
type1_1275|type1_reducted,type4_reducted
type1_636|type1_reducted,type4_reducted
type1_2041|type1_reducted,type4_reducted
type1_2357|type1_reducted,type4_reducted
type1_1485|type1_reducted,type4_reducted
type1_1492|type1_reducted,type4_reducted
type1_2359|type1_reducted,type4_reducted
type1_1609|type1_reducted,type4_reducted
type1_577|type1_reducted,type4_reducted
type1_1586|type1_reducted,type4_reducted
type1_1754|type1_reducted,type4_reducted
type1_865|type1_reducted,type4_reducted
type1_1775|type1_reducted,type4_reducted
type1_2557|type1_reducted,type4_reducted
type1_675|type1_reducted,type4_reducted
type1_1113|type1_reducted,type4_reducted
type1_1365|type1_reducted,type4_reducted
type1_163|type1_reducted,type4_reducted
type1_2190|type1_reducted,type4_reducted
type1_705|type1_reducted,type4_reducted
type1_2244|type1_reducted,type4_reducted
type1_56|type1_reducted,type4_reducted
type1_2221|type1_reducted,type4_reducted
type1_1454|type1_reducted,type4_reducted
type1_1699|type1_reducted,type4_reducted
type1_475|type1_reducted,type4_reducted
type1_1022|type1_reducted,type4_reducted
type1_1025|type1_reducted,type4_reducted
type1_2288|type1_reducted,type4_reducted
type1_1171|type1_reducted,type4_reducted
type1_1635|type1_reducted,type4_reducted
type1_1831|type1_reducted,type4_reducted
type1_1734|type1_reducted,type4_reducted
type1_311|type1_reducted,type4_reducted
type1_1735|type1_reducted,type4_reducted
type1_1956|type1_reducted,type4_reducted
type1_384|type1_reducted,type4_reducted
type1_361|type1_reducted,type4_reducted
type1_1749|type1_reducted,type4_reducted
type1_2064|type1_reducted,type4_reducted
type1_1649|type1_reducted,type4_reducted
type1_2525|type1_reducted,type4_reducted
type1_113|type1_reducted,type4_reducted
type1_1786|type1_reducted,type4_reducted
type1_1228|type1_reducted,type4_reducted
type1_1239|type1_reducted,type4_reducted
type1_2308|type1_reducted,type4_reducted
type1_158|type1_reducted,type4_reducted
type1_249|type1_reducted,type4_reducted
type1_1792|type1_reducted,type4_reducted
type1_1193|type1_reducted,type4_reducted
type1_1187|type1_reducted,type4_reducted
type1_2469|type1_reducted,type4_reducted
type1_102|type1_reducted,type4_reducted
type1_1551|type1_reducted,type4_reducted
type1_1788|type1_reducted,type4_reducted
type1_1941|type1_reducted,type4_reducted
type1_2249|type1_reducted,type4_reducted
type1_257|type1_reducted,type4_reducted
type1_1930|type1_reducted,type4_reducted
type1_345|type1_reducted,type4_reducted
type1_962|type1_reducted,type4_reducted
type1_1618|type1_reducted,type4_reducted
type1_646|type1_reducted,type4_reducted
type1_2425|type1_reducted,type4_reducted
type1_1412|type1_reducted,type4_reducted
type1_348|type1_reducted,type4_reducted
type1_2175|type1_reducted,type4_reducted
type1_526|type1_reducted,type4_reducted
type1_1048|type1_reducted,type4_reducted
type1_1486|type1_reducted,type4_reducted
type1_1679|type1_reducted,type4_reducted
type1_318|type1_reducted,type4_reducted
type1_1029|type1_reducted,type4_reducted
type1_263|type1_reducted,type4_reducted
type1_410|type1_reducted,type4_reducted
type1_375|type1_reducted,type4_reducted
type1_125|type1_reducted,type4_reducted
type1_2545|type1_reducted,type4_reducted
type1_1665|type1_reducted,type4_reducted
type1_920|type1_reducted,type4_reducted
type1_71|type1_reducted,type4_reducted
type1_886|type1_reducted,type4_reducted
type1_2497|type1_reducted,type4_reducted
type1_126|type1_reducted,type4_reducted
type1_49|type1_reducted,type4_reducted
type1_1501|type1_reducted,type4_reducted
type1_161|type1_reducted,type4_reducted
type1_860|type1_reducted,type4_reducted
type1_449|type1_reducted,type4_reducted
type1_1924|type1_reducted,type4_reducted
type1_830|type1_reducted,type4_reducted
type1_1377|type1_reducted,type4_reducted
type1_1855|type1_reducted,type4_reducted
type1_537|type1_reducted,type4_reducted
type1_784|type1_reducted,type4_reducted
type1_1061|type1_reducted,type4_reducted
type1_1127|type1_reducted,type4_reducted
type1_956|type1_reducted,type4_reducted
type1_2441|type1_reducted,type4_reducted
type1_1964|type1_reducted,type4_reducted
type1_1359|type1_reducted,type4_reducted
type1_653|type1_reducted,type4_reducted
type1_478|type1_reducted,type4_reducted
type1_159|type1_reducted,type4_reducted
type1_551|type1_reducted,type4_reducted
type1_1995|type1_reducted,type4_reducted
type1_1728|type1_reducted,type4_reducted
type1_58|type1_reducted,type4_reducted
type1_1866|type1_reducted,type4_reducted
type1_2306|type1_reducted,type4_reducted
type1_218|type1_reducted,type4_reducted
type1_1849|type1_reducted,type4_reducted
type1_91|type1_reducted,type4_reducted
type1_839|type1_reducted,type4_reducted
type1_1244|type1_reducted,type4_reducted
type1_1897|type1_reducted,type4_reducted
type1_446|type1_reducted,type4_reducted
type1_1682|type1_reducted,type4_reducted
type1_4|type1_reducted,type4_reducted
type1_1103|type1_reducted,type4_reducted
type1_1757|type1_reducted,type4_reducted
type1_932|type1_reducted,type4_reducted
type1_2148|type1_reducted,type4_reducted
type1_1472|type1_reducted,type4_reducted
type1_1134|type1_reducted,type4_reducted
type1_1686|type1_reducted,type4_reducted
type1_967|type1_reducted,type4_reducted
type1_2238|type1_reducted,type4_reducted
type1_387|type1_reducted,type4_reducted
type1_1766|type1_reducted,type4_reducted
type1_891|type1_reducted,type4_reducted
type1_2427|type1_reducted,type4_reducted
type1_997|type1_reducted,type4_reducted
type1_1250|type1_reducted,type4_reducted
type1_272|type1_reducted,type4_reducted
type1_787|type1_reducted,type4_reducted
type1_18|type1_reducted,type4_reducted
type1_2102|type1_reducted,type4_reducted
type1_1258|type1_reducted,type4_reducted
type1_1666|type1_reducted,type4_reducted
type1_37|type1_reducted,type4_reducted
type1_1940|type1_reducted,type4_reducted
type1_1508|type1_reducted,type4_reducted
type1_1585|type1_reducted,type4_reducted
type1_1143|type1_reducted,type4_reducted
type1_1703|type1_reducted,type4_reducted
type1_1283|type1_reducted,type4_reducted
type1_2268|type1_reducted,type4_reducted
type1_1361|type1_reducted,type4_reducted
type1_2499|type1_reducted,type4_reducted
type1_958|type1_reducted,type4_reducted
type1_1208|type1_reducted,type4_reducted
type1_949|type1_reducted,type4_reducted
type1_336|type1_reducted,type4_reducted
type1_1812|type1_reducted,type4_reducted
type1_414|type1_reducted,type4_reducted
type1_1102|type1_reducted,type4_reducted
type1_639|type1_reducted,type4_reducted
type1_597|type1_reducted,type4_reducted
type1_1191|type1_reducted,type4_reducted
type1_521|type1_reducted,type4_reducted
type1_572|type1_reducted,type4_reducted
type1_1358|type1_reducted,type4_reducted
type1_1073|type1_reducted,type4_reducted
type1_766|type1_reducted,type4_reducted
type1_1416|type1_reducted,type4_reducted
type1_2515|type1_reducted,type4_reducted
type1_634|type1_reducted,type4_reducted
type1_1668|type1_reducted,type4_reducted
type1_201|type1_reducted,type4_reducted
type1_2513|type1_reducted,type4_reducted
type1_593|type1_reducted,type4_reducted
type1_1511|type1_reducted,type4_reducted
type1_969|type1_reducted,type4_reducted
type1_1558|type1_reducted,type4_reducted
type1_1753|type1_reducted,type4_reducted
type1_838|type1_reducted,type4_reducted
type1_50|type1_reducted,type4_reducted
type1_1906|type1_reducted,type4_reducted
type1_1057|type1_reducted,type4_reducted
type1_1500|type1_reducted,type4_reducted
type1_631|type1_reducted,type4_reducted
type1_1333|type1_reducted,type4_reducted
type1_209|type1_reducted,type4_reducted
type1_1147|type1_reducted,type4_reducted
type1_710|type1_reducted,type4_reducted
type1_2457|type1_reducted,type4_reducted
type1_1441|type1_reducted,type4_reducted
type1_1449|type1_reducted,type4_reducted
type1_924|type1_reducted,type4_reducted
type1_2559|type1_reducted,type4_reducted
type1_312|type1_reducted,type4_reducted
type1_931|type1_reducted,type4_reducted
type1_1876|type1_reducted,type4_reducted
type1_1159|type1_reducted,type4_reducted
type1_935|type1_reducted,type4_reducted
type1_1590|type1_reducted,type4_reducted
type1_882|type1_reducted,type4_reducted
type1_1078|type1_reducted,type4_reducted
type1_276|type1_reducted,type4_reducted
type1_355|type1_reducted,type4_reducted
type1_1106|type1_reducted,type4_reducted
type1_804|type1_reducted,type4_reducted
type1_2414|type1_reducted,type4_reducted
type1_2371|type1_reducted,type4_reducted
type1_2456|type1_reducted,type4_reducted
type1_961|type1_reducted,type4_reducted
type1_1518|type1_reducted,type4_reducted
type1_1846|type1_reducted,type4_reducted
type1_1369|type1_reducted,type4_reducted
type1_76|type1_reducted,type4_reducted
type1_1610|type1_reducted,type4_reducted
type1_1122|type1_reducted,type4_reducted
type1_323|type1_reducted,type4_reducted
type1_811|type1_reducted,type4_reducted
type1_1234|type1_reducted,type4_reducted
type1_563|type1_reducted,type4_reducted
type1_1539|type1_reducted,type4_reducted
type1_1713|type1_reducted,type4_reducted
type1_1216|type1_reducted,type4_reducted
type1_2406|type1_reducted,type4_reducted
type1_2210|type1_reducted,type4_reducted
type1_1056|type1_reducted,type4_reducted
type1_1522|type1_reducted,type4_reducted
type1_2555|type1_reducted,type4_reducted
type1_1676|type1_reducted,type4_reducted
type1_1000|type1_reducted,type4_reducted
type1_1867|type1_reducted,type4_reducted
type1_1203|type1_reducted,type4_reducted
type1_300|type1_reducted,type4_reducted
type1_2468|type1_reducted,type4_reducted
type1_652|type1_reducted,type4_reducted
type1_330|type1_reducted,type4_reducted
type1_1914|type1_reducted,type4_reducted
type1_2159|type1_reducted,type4_reducted
type1_1552|type1_reducted,type4_reducted
type1_1520|type1_reducted,type4_reducted
type1_974|type1_reducted,type4_reducted
type1_831|type1_reducted,type4_reducted
type1_2263|type1_reducted,type4_reducted
type1_1756|type1_reducted,type4_reducted
type1_904|type1_reducted,type4_reducted
type1_2451|type1_reducted,type4_reducted
type1_1367|type1_reducted,type4_reducted
type1_2570|type1_reducted,type4_reducted
type1_1502|type1_reducted,type4_reducted
type1_188|type1_reducted,type4_reducted
type1_181|type1_reducted,type4_reducted
type1_533|type1_reducted,type4_reducted
type1_2032|type1_reducted,type4_reducted
type1_395|type1_reducted,type4_reducted
type1_1566|type1_reducted,type4_reducted
type1_253|type1_reducted,type4_reducted
type1_1339|type1_reducted,type4_reducted
type1_1918|type1_reducted,type4_reducted
type1_1325|type1_reducted,type4_reducted
type1_926|type1_reducted,type4_reducted
type1_2198|type1_reducted,type4_reducted
type1_538|type1_reducted,type4_reducted
type1_374|type1_reducted,type4_reducted
type1_1185|type1_reducted,type4_reducted
type1_1384|type1_reducted,type4_reducted
type1_1512|type1_reducted,type4_reducted
type1_1959|type1_reducted,type4_reducted
type1_548|type1_reducted,type4_reducted
type1_556|type1_reducted,type4_reducted
type1_1186|type1_reducted,type4_reducted
type1_716|type1_reducted,type4_reducted
type1_2121|type1_reducted,type4_reducted
type1_1750|type1_reducted,type4_reducted
type1_1385|type1_reducted,type4_reducted
type1_731|type1_reducted,type4_reducted
type1_581|type1_reducted,type4_reducted
type1_397|type1_reducted,type4_reducted
type1_1443|type1_reducted,type4_reducted
type1_326|type1_reducted,type4_reducted
type1_1684|type1_reducted,type4_reducted
type1_1865|type1_reducted,type4_reducted
type1_2031|type1_reducted,type4_reducted
type1_474|type1_reducted,type4_reducted
type1_1202|type1_reducted,type4_reducted
type1_1774|type1_reducted,type4_reducted
type1_1230|type1_reducted,type4_reducted
type1_1577|type1_reducted,type4_reducted
type1_1225|type1_reducted,type4_reducted
type1_2496|type1_reducted,type4_reducted
type1_25|type1_reducted,type4_reducted
type1_509|type1_reducted,type4_reducted
type1_1887|type1_reducted,type4_reducted
type1_2558|type1_reducted,type4_reducted
type1_872|type1_reducted,type4_reducted
type1_2315|type1_reducted,type4_reducted
type1_658|type1_reducted,type4_reducted
type1_2149|type1_reducted,type4_reducted
type1_1248|type1_reducted,type4_reducted
type1_1179|type1_reducted,type4_reducted
type1_554|type1_reducted,type4_reducted
type1_753|type1_reducted,type4_reducted
type1_98|type1_reducted,type4_reducted
type1_588|type1_reducted,type4_reducted
type1_1282|type1_reducted,type4_reducted
type1_1922|type1_reducted,type4_reducted
type1_546|type1_reducted,type4_reducted
type1_1568|type1_reducted,type4_reducted
type1_2302|type1_reducted,type4_reducted
type1_723|type1_reducted,type4_reducted
type1_2161|type1_reducted,type4_reducted
type1_1633|type1_reducted,type4_reducted
type1_2475|type1_reducted,type4_reducted
type1_170|type1_reducted,type4_reducted
type1_2079|type1_reducted,type4_reducted
type1_751|type1_reducted,type4_reducted
type1_1614|type1_reducted,type4_reducted
type1_1927|type1_reducted,type4_reducted
type1_2380|type1_reducted,type4_reducted
type1_1129|type1_reducted,type4_reducted
type1_299|type1_reducted,type4_reducted
type1_2068|type1_reducted,type4_reducted
type1_1068|type1_reducted,type4_reducted
type1_2240|type1_reducted,type4_reducted
type1_2234|type1_reducted,type4_reducted
type1_1301|type1_reducted,type4_reducted
type1_1806|type1_reducted,type4_reducted
type1_680|type1_reducted,type4_reducted
type1_1740|type1_reducted,type4_reducted
type1_2097|type1_reducted,type4_reducted
type1_566|type1_reducted,type4_reducted
type1_817|type1_reducted,type4_reducted
type1_1210|type1_reducted,type4_reducted
type1_1434|type1_reducted,type4_reducted
type1_219|type1_reducted,type4_reducted
type1_2147|type1_reducted,type4_reducted
type1_2185|type1_reducted,type4_reducted
type1_1496|type1_reducted,type4_reducted
type1_901|type1_reducted,type4_reducted
type1_561|type1_reducted,type4_reducted
type1_1217|type1_reducted,type4_reducted
type1_148|type1_reducted,type4_reducted
type1_489|type1_reducted,type4_reducted
type1_401|type1_reducted,type4_reducted
type1_1835|type1_reducted,type4_reducted
type1_2014|type1_reducted,type4_reducted
type1_2332|type1_reducted,type4_reducted
type1_434|type1_reducted,type4_reducted
type1_277|type1_reducted,type4_reducted
type1_2556|type1_reducted,type4_reducted
type1_416|type1_reducted,type4_reducted
type1_379|type1_reducted,type4_reducted
type1_907|type1_reducted,type4_reducted
type1_496|type1_reducted,type4_reducted
type1_40|type1_reducted,type4_reducted
type1_514|type1_reducted,type4_reducted
type1_1428|type1_reducted,type4_reducted
type1_1955|type1_reducted,type4_reducted
type1_1188|type1_reducted,type4_reducted
type1_641|type1_reducted,type4_reducted
type1_1042|type1_reducted,type4_reducted
type1_1044|type1_reducted,type4_reducted
type1_430|type1_reducted,type4_reducted
type1_2096|type1_reducted,type4_reducted
type1_2453|type1_reducted,type4_reducted
type1_1667|type1_reducted,type4_reducted
type1_660|type1_reducted,type4_reducted
type1_1071|type1_reducted,type4_reducted
type1_863|type1_reducted,type4_reducted
type1_874|type1_reducted,type4_reducted
type1_1201|type1_reducted,type4_reducted
type1_1832|type1_reducted,type4_reducted
type1_1987|type1_reducted,type4_reducted
type1_1882|type1_reducted,type4_reducted
type1_216|type1_reducted,type4_reducted
type1_1589|type1_reducted,type4_reducted
type1_132|type1_reducted,type4_reducted
type1_854|type1_reducted,type4_reducted
type1_1689|type1_reducted,type4_reducted
type1_316|type1_reducted,type4_reducted
type1_558|type1_reducted,type4_reducted
type1_2024|type1_reducted,type4_reducted
type1_255|type1_reducted,type4_reducted
type1_542|type1_reducted,type4_reducted
type1_388|type1_reducted,type4_reducted
type1_1063|type1_reducted,type4_reducted
type1_1031|type1_reducted,type4_reducted
type1_235|type1_reducted,type4_reducted
type1_480|type1_reducted,type4_reducted
type1_1126|type1_reducted,type4_reducted
type1_2419|type1_reducted,type4_reducted
type1_248|type1_reducted,type4_reducted
type1_1771|type1_reducted,type4_reducted
type1_651|type1_reducted,type4_reducted
type1_2325|type1_reducted,type4_reducted
type1_2065|type1_reducted,type4_reducted
type1_1517|type1_reducted,type4_reducted
type1_773|type1_reducted,type4_reducted
type1_164|type1_reducted,type4_reducted
type1_1417|type1_reducted,type4_reducted
type1_367|type1_reducted,type4_reducted
type1_2246|type1_reducted,type4_reducted
type1_1140|type1_reducted,type4_reducted
type1_2215|type1_reducted,type4_reducted
type1_685|type1_reducted,type4_reducted
type1_2211|type1_reducted,type4_reducted
type1_2138|type1_reducted,type4_reducted
type1_1902|type1_reducted,type4_reducted
type1_917|type1_reducted,type4_reducted
type1_1010|type1_reducted,type4_reducted
type1_1237|type1_reducted,type4_reducted
type1_1860|type1_reducted,type4_reducted
type1_858|type1_reducted,type4_reducted
type1_2265|type1_reducted,type4_reducted
type1_1162|type1_reducted,type4_reducted
type1_975|type1_reducted,type4_reducted
type1_28|type1_reducted,type4_reducted
type1_195|type1_reducted,type4_reducted
type1_1755|type1_reducted,type4_reducted
type1_2400|type1_reducted,type4_reducted
type1_165|type1_reducted,type4_reducted
type1_1705|type1_reducted,type4_reducted
type1_1540|type1_reducted,type4_reducted
type1_999|type1_reducted,type4_reducted
type1_768|type1_reducted,type4_reducted
type1_866|type1_reducted,type4_reducted
type1_1194|type1_reducted,type4_reducted
type1_2531|type1_reducted,type4_reducted
type1_1567|type1_reducted,type4_reducted
type1_1494|type1_reducted,type4_reducted
type1_1120|type1_reducted,type4_reducted
type1_1374|type1_reducted,type4_reducted
type1_1738|type1_reducted,type4_reducted
type1_354|type1_reducted,type4_reducted
type1_2473|type1_reducted,type4_reducted
type1_114|type1_reducted,type4_reducted
type1_869|type1_reducted,type4_reducted
type1_2553|type1_reducted,type4_reducted
type1_1651|type1_reducted,type4_reducted
type1_1267|type1_reducted,type4_reducted
type1_2409|type1_reducted,type4_reducted
type1_698|type1_reducted,type4_reducted
type1_798|type1_reducted,type4_reducted
type1_2484|type1_reducted,type4_reducted
type1_111|type1_reducted,type4_reducted
type1_2011|type1_reducted,type4_reducted
type1_666|type1_reducted,type2_reducted
type1_406|type1_reducted,type4_reducted
type1_760|type1_reducted,type4_reducted
type1_929|type1_reducted,type4_reducted
type1_335|type1_reducted,type4_reducted
type1_1206|type1_reducted,type4_reducted
type1_998|type1_reducted,type4_reducted
type1_1944|type1_reducted,type4_reducted
type1_728|type1_reducted,type4_reducted
type1_2514|type1_reducted,type4_reducted
type1_1594|type1_reducted,type4_reducted
type1_258|type1_reducted,type4_reducted
type1_2343|type1_reducted,type4_reducted
type1_1534|type1_reducted,type4_reducted
type1_1350|type1_reducted,type4_reducted
type1_2021|type1_reducted,type4_reducted
type1_1624|type1_reducted,type4_reducted
type1_2007|type1_reducted,type4_reducted
type1_360|type1_reducted,type4_reducted
type1_176|type1_reducted,type4_reducted
type1_1972|type1_reducted,type4_reducted
type1_2378|type1_reducted,type4_reducted
type1_905|type1_reducted,type4_reducted
type1_2042|type1_reducted,type4_reducted
type1_667|type1_reducted,type4_reducted
type1_231|type1_reducted,type4_reducted
type1_1954|type1_reducted,type4_reducted
type1_32|type1_reducted,type4_reducted
type1_1489|type1_reducted,type4_reducted
type1_67|type1_reducted,type4_reducted
type1_592|type1_reducted,type4_reducted
type1_451|type1_reducted,type4_reducted
type1_17|type1_reducted,type4_reducted
type1_470|type1_reducted,type4_reducted
type1_2383|type1_reducted,type4_reducted
type1_490|type1_reducted,type4_reducted
type1_688|type1_reducted,type4_reducted
type1_1173|type1_reducted,type4_reducted
type1_162|type1_reducted,type4_reducted
type1_1544|type1_reducted,type4_reducted
type1_2073|type1_reducted,type4_reducted
type1_1505|type1_reducted,type4_reducted
type1_1970|type1_reducted,type4_reducted
type1_1818|type1_reducted,type4_reducted
type1_1770|type1_reducted,type4_reducted
type1_1088|type1_reducted,type4_reducted
type1_350|type1_reducted,type4_reducted
type1_1117|type1_reducted,type4_reducted
type1_1136|type1_reducted,type4_reducted
type1_2144|type1_reducted,type4_reducted
type1_445|type1_reducted,type4_reducted
type1_568|type1_reducted,type4_reducted
type1_2422|type1_reducted,type4_reducted
type1_2563|type1_reducted,type4_reducted
type1_1719|type1_reducted,type4_reducted
type1_73|type1_reducted,type4_reducted
type1_2047|type1_reducted,type4_reducted
type1_603|type1_reducted,type4_reducted
type1_1916|type1_reducted,type4_reducted
type1_2550|type1_reducted,type4_reducted
type1_1977|type1_reducted,type4_reducted
type1_2540|type1_reducted,type4_reducted
type1_288|type1_reducted,type4_reducted
type1_2045|type1_reducted,type4_reducted
type1_607|type1_reducted,type4_reducted
type1_777|type1_reducted,type4_reducted
type1_840|type1_reducted,type4_reducted
type1_2155|type1_reducted,type4_reducted
type1_852|type1_reducted,type4_reducted
type1_1650|type1_reducted,type4_reducted
type1_1211|type1_reducted,type4_reducted
type1_976|type1_reducted,type4_reducted
type1_7|type1_reducted,type4_reducted
type1_750|type1_reducted,type4_reducted
type1_458|type1_reducted,type4_reducted
type1_236|type1_reducted,type4_reducted
type1_1683|type1_reducted,type4_reducted
type1_684|type1_reducted,type4_reducted
type1_160|type1_reducted,type4_reducted
type1_99|type1_reducted,type4_reducted
type1_1564|type1_reducted,type4_reducted
type1_2407|type1_reducted,type4_reducted
type1_2183|type1_reducted,type4_reducted
type1_1314|type1_reducted,type4_reducted
type1_963|type1_reducted,type4_reducted
type1_2384|type1_reducted,type4_reducted
type1_2260|type1_reducted,type4_reducted
type1_217|type1_reducted,type4_reducted
type1_982|type1_reducted,type4_reducted
type1_764|type1_reducted,type4_reducted
type1_2299|type1_reducted,type4_reducted
type1_2296|type1_reducted,type4_reducted
type1_2300|type1_reducted,type4_reducted
type1_112|type1_reducted,type4_reducted
type1_2336|type1_reducted,type4_reducted
type1_471|type1_reducted,type4_reducted
type1_2360|type1_reducted,type4_reducted
type1_1331|type1_reducted,type4_reducted
type1_1490|type1_reducted,type4_reducted
type1_2528|type1_reducted,type4_reducted
type1_390|type1_reducted,type4_reducted
type1_1513|type1_reducted,type4_reducted
type1_403|type1_reducted,type4_reducted
type1_1584|type1_reducted,type4_reducted
type1_295|type1_reducted,type4_reducted
type1_1183|type1_reducted,type4_reducted
type1_2153|type1_reducted,type4_reducted
type1_944|type1_reducted,type4_reducted
type1_1469|type1_reducted,type4_reducted
type1_1612|type1_reducted,type4_reducted
type1_2295|type1_reducted,type4_reducted
type1_1632|type1_reducted,type4_reducted
type1_1747|type1_reducted,type4_reducted
type1_2154|type1_reducted,type4_reducted
type1_648|type1_reducted,type4_reducted
type1_2278|type1_reducted,type4_reducted
type1_2354|type1_reducted,type4_reducted
type1_1062|type1_reducted,type4_reducted
type1_724|type1_reducted,type4_reducted
type1_1800|type1_reducted,type4_reducted
type1_2252|type1_reducted,type4_reducted
type1_127|type1_reducted,type4_reducted
type1_1791|type1_reducted,type4_reducted
type1_1893|type1_reducted,type4_reducted
type1_2408|type1_reducted,type4_reducted
type1_955|type1_reducted,type4_reducted
type1_1884|type1_reducted,type4_reducted
type1_1969|type1_reducted,type4_reducted
type1_2220|type1_reducted,type4_reducted
type1_1273|type1_reducted,type4_reducted
type1_1936|type1_reducted,type4_reducted
type1_2532|type1_reducted,type4_reducted
type1_1607|type1_reducted,type4_reducted
type1_70|type1_reducted,type4_reducted
type1_2520|type1_reducted,type4_reducted
type1_918|type1_reducted,type2_reducted
type1_147|type1_reducted,type4_reducted
type1_1016|type1_reducted,type4_reducted
type1_876|type1_reducted,type4_reducted
type1_2085|type1_reducted,type4_reducted
type1_2165|type1_reducted,type4_reducted
type1_1789|type1_reducted,type4_reducted
type1_135|type1_reducted,type4_reducted
type1_2119|type1_reducted,type4_reducted
type1_2081|type1_reducted,type4_reducted
type1_1881|type1_reducted,type4_reducted
type1_109|type1_reducted,type4_reducted
type1_2395|type1_reducted,type4_reducted
type1_404|type1_reducted,type4_reducted
type1_836|type1_reducted,type4_reducted
type1_714|type1_reducted,type4_reducted
type1_499|type1_reducted,type4_reducted
type1_1204|type1_reducted,type4_reducted
type1_1408|type1_reducted,type4_reducted
type1_669|type1_reducted,type4_reducted
type1_898|type1_reducted,type4_reducted
type1_1658|type1_reducted,type4_reducted
type1_2270|type1_reducted,type4_reducted
type1_1085|type1_reducted,type4_reducted
type1_1653|type1_reducted,type4_reducted
type1_1571|type1_reducted,type4_reducted
type1_654|type1_reducted,type4_reducted
type1_519|type1_reducted,type4_reducted
type1_321|type1_reducted,type4_reducted
type1_2251|type1_reducted,type4_reducted
type1_1823|type1_reducted,type4_reducted
type1_1464|type1_reducted,type4_reducted
type1_1563|type1_reducted,type4_reducted
type1_2261|type1_reducted,type4_reducted
type1_1847|type1_reducted,type4_reducted
type1_822|type1_reducted,type4_reducted
type1_1858|type1_reducted,type4_reducted
type1_528|type1_reducted,type4_reducted
type1_1343|type1_reducted,type4_reducted
type1_1142|type1_reducted,type4_reducted
type1_1319|type1_reducted,type4_reducted
type1_1346|type1_reducted,type4_reducted
type1_2276|type1_reducted,type4_reducted
type1_1681|type1_reducted,type4_reducted
type1_1514|type1_reducted,type4_reducted
type1_1992|type1_reducted,type4_reducted
type1_297|type1_reducted,type4_reducted
type1_2076|type1_reducted,type4_reducted
type1_2326|type1_reducted,type4_reducted
type1_234|type1_reducted,type4_reducted
type1_104|type1_reducted,type4_reducted
type1_286|type1_reducted,type4_reducted
type1_1639|type1_reducted,type4_reducted
type1_506|type1_reducted,type4_reducted
type1_2479|type1_reducted,type4_reducted
type1_912|type1_reducted,type4_reducted
type1_1090|type1_reducted,type4_reducted
type1_1302|type1_reducted,type4_reducted
type1_1457|type1_reducted,type4_reducted
type1_625|type1_reducted,type4_reducted
type1_2413|type1_reducted,type4_reducted
type1_1864|type1_reducted,type4_reducted
type1_1035|type1_reducted,type4_reducted
type1_16|type1_reducted,type4_reducted
type1_952|type1_reducted,type4_reducted
type1_214|type1_reducted,type4_reducted
type1_855|type1_reducted,type4_reducted
type1_868|type1_reducted,type4_reducted
type1_1152|type1_reducted,type4_reducted
type1_359|type1_reducted,type4_reducted
type1_1531|type1_reducted,type4_reducted
type1_755|type1_reducted,type4_reducted
type1_273|type1_reducted,type4_reducted
type1_2341|type1_reducted,type4_reducted
type1_1638|type1_reducted,type4_reducted
type1_1151|type1_reducted,type4_reducted
type1_591|type1_reducted,type4_reducted
type1_1020|type1_reducted,type4_reducted
type1_1133|type1_reducted,type4_reducted
type1_1221|type1_reducted,type4_reducted
type1_2009|type1_reducted,type4_reducted
type1_463|type1_reducted,type4_reducted
type1_1155|type1_reducted,type4_reducted
type1_2111|type1_reducted,type4_reducted
type1_269|type1_reducted,type4_reducted
type1_1688|type1_reducted,type4_reducted
type1_2430|type1_reducted,type4_reducted
type1_925|type1_reducted,type4_reducted
type1_595|type1_reducted,type4_reducted
type1_2344|type1_reducted,type4_reducted
type1_670|type1_reducted,type4_reducted
type1_117|type1_reducted,type4_reducted
type1_1315|type1_reducted,type4_reducted
type1_2372|type1_reducted,type4_reducted
type1_1946|type1_reducted,type4_reducted
type1_2124|type1_reducted,type4_reducted
type1_1802|type1_reducted,type4_reducted
type1_671|type1_reducted,type4_reducted
type1_2433|type1_reducted,type4_reducted
type1_726|type1_reducted,type4_reducted
type1_2282|type1_reducted,type4_reducted
type1_1415|type1_reducted,type4_reducted
type1_2287|type1_reducted,type4_reducted
type1_437|type1_reducted,type4_reducted
type1_1260|type1_reducted,type4_reducted
type1_2237|type1_reducted,type4_reducted
type1_2066|type1_reducted,type4_reducted
type1_122|type1_reducted,type4_reducted
type1_2423|type1_reducted,type4_reducted
type1_1554|type1_reducted,type4_reducted
type1_2307|type1_reducted,type4_reducted
type1_2527|type1_reducted,type4_reducted
type1_2262|type1_reducted,type4_reducted
type1_180|type1_reducted,type4_reducted
type1_2370|type1_reducted,type4_reducted
type1_678|type1_reducted,type4_reducted
type1_27|type1_reducted,type4_reducted
type1_1137|type1_reducted,type4_reducted
type1_1320|type1_reducted,type4_reducted
type1_2184|type1_reducted,type4_reducted
type1_20|type1_reducted,type4_reducted
type1_1677|type1_reducted,type4_reducted
type1_1872|type1_reducted,type4_reducted
type1_1908|type1_reducted,type4_reducted
type1_606|type1_reducted,type4_reducted
type1_1917|type1_reducted,type4_reducted
type1_2181|type1_reducted,type4_reducted
type1_1420|type1_reducted,type4_reducted
type1_2177|type1_reducted,type4_reducted
type1_2113|type1_reducted,type4_reducted
type1_1265|type1_reducted,type4_reducted
type1_2352|type1_reducted,type4_reducted
type1_85|type1_reducted,type4_reducted
type1_364|type1_reducted,type4_reducted
type1_461|type1_reducted,type4_reducted
type1_2087|type1_reducted,type4_reducted
type1_1145|type1_reducted,type4_reducted
type1_1396|type1_reducted,type4_reducted
type1_943|type1_reducted,type4_reducted
type1_2289|type1_reducted,type4_reducted
type1_883|type1_reducted,type4_reducted
type1_1933|type1_reducted,type4_reducted
type1_283|type1_reducted,type4_reducted
type1_1119|type1_reducted,type4_reducted
type1_862|type1_reducted,type4_reducted
type1_994|type1_reducted,type4_reducted
type1_2542|type1_reducted,type4_reducted
type1_1427|type1_reducted,type4_reducted
type1_2518|type1_reducted,type4_reducted
type1_1999|type1_reducted,type4_reducted
type1_2057|type1_reducted,type4_reducted
type1_96|type1_reducted,type4_reducted
type1_799|type1_reducted,type4_reducted
type1_702|type1_reducted,type4_reducted
type1_78|type1_reducted,type4_reducted
type1_500|type1_reducted,type4_reducted
type1_431|type1_reducted,type4_reducted
type1_1869|type1_reducted,type4_reducted
type1_1744|type1_reducted,type4_reducted
type1_2225|type1_reducted,type4_reducted
type1_1654|type1_reducted,type4_reducted
type1_2483|type1_reducted,type4_reducted
type1_1655|type1_reducted,type4_reducted
type1_196|type1_reducted,type4_reducted
type1_393|type1_reducted,type4_reducted
type1_1111|type1_reducted,type4_reducted
type1_985|type1_reducted,type4_reducted
type1_287|type1_reducted,type4_reducted
type1_1064|type1_reducted,type4_reducted
type1_2201|type1_reducted,type4_reducted
type1_2092|type1_reducted,type4_reducted
type1_1372|type1_reducted,type4_reducted
type1_964|type1_reducted,type4_reducted
type1_1149|type1_reducted,type4_reducted
type1_638|type1_reducted,type4_reducted
type1_429|type1_reducted,type4_reducted
type1_1439|type1_reducted,type4_reducted
type1_1725|type1_reducted,type4_reducted
type1_2330|type1_reducted,type4_reducted
type1_317|type1_reducted,type4_reducted
type1_2420|type1_reducted,type4_reducted
type1_2447|type1_reducted,type4_reducted
type1_2381|type1_reducted,type4_reducted
type1_1488|type1_reducted,type4_reducted
type1_1901|type1_reducted,type4_reducted
type1_1890|type1_reducted,type4_reducted
type1_1181|type1_reducted,type4_reducted
type1_2338|type1_reducted,type4_reducted
type1_35|type1_reducted,type4_reducted
type1_1965|type1_reducted,type4_reducted
type1_2328|type1_reducted,type4_reducted
type1_141|type1_reducted,type4_reducted
type1_2095|type1_reducted,type4_reducted
type1_900|type1_reducted,type4_reducted
type1_1043|type1_reducted,type4_reducted
type1_1642|type1_reducted,type4_reducted
type1_1163|type1_reducted,type4_reducted
type1_247|type1_reducted,type4_reducted
type1_457|type1_reducted,type4_reducted
type1_1547|type1_reducted,type4_reducted
type1_2533|type1_reducted,type4_reducted
type1_2089|type1_reducted,type4_reducted
type1_200|type1_reducted,type4_reducted
type1_1389|type1_reducted,type4_reducted
type1_2478|type1_reducted,type4_reducted
type1_779|type1_reducted,type4_reducted
type1_903|type1_reducted,type4_reducted
type1_43|type1_reducted,type4_reducted
type1_2537|type1_reducted,type4_reducted
type1_765|type1_reducted,type4_reducted
type1_873|type1_reducted,type4_reducted
type1_2242|type1_reducted,type4_reducted
type1_1354|type1_reducted,type4_reducted
type1_1245|type1_reducted,type4_reducted
type1_992|type1_reducted,type4_reducted
type1_1967|type1_reducted,type4_reducted
type1_1125|type1_reducted,type4_reducted
type1_1696|type1_reducted,type4_reducted
type1_2013|type1_reducted,type4_reducted
type1_1084|type1_reducted,type4_reducted
type1_240|type1_reducted,type4_reducted
type1_1161|type1_reducted,type4_reducted
type1_436|type1_reducted,type4_reducted
type1_1827|type1_reducted,type4_reducted
type1_539|type1_reducted,type4_reducted
type1_2521|type1_reducted,type4_reducted
type1_1915|type1_reducted,type4_reducted
type1_303|type1_reducted,type4_reducted
type1_2143|type1_reducted,type4_reducted
type1_617|type1_reducted,type4_reducted
type1_1821|type1_reducted,type4_reducted
type1_1294|type1_reducted,type4_reducted
type1_2072|type1_reducted,type4_reducted
type1_1904|type1_reducted,type4_reducted
type1_1602|type1_reducted,type4_reducted
type1_2552|type1_reducted,type4_reducted
type1_1218|type1_reducted,type4_reducted
type1_2187|type1_reducted,type4_reducted
type1_2410|type1_reducted,type4_reducted
type1_1455|type1_reducted,type4_reducted
type1_212|type1_reducted,type4_reducted
type1_95|type1_reducted,type4_reducted
type1_1209|type1_reducted,type4_reducted
type1_460|type1_reducted,type4_reducted
type1_2037|type1_reducted,type4_reducted
type1_494|type1_reducted,type4_reducted
type1_394|type1_reducted,type4_reducted
type1_1406|type1_reducted,type4_reducted
type1_1272|type1_reducted,type4_reducted
type1_902|type1_reducted,type4_reducted
type1_1813|type1_reducted,type4_reducted
type1_250|type1_reducted,type4_reducted
type1_2272|type1_reducted,type4_reducted
type1_61|type1_reducted,type4_reducted
type1_786|type1_reducted,type4_reducted
type1_1148|type1_reducted,type4_reducted
type1_1324|type1_reducted,type4_reducted
type1_2247|type1_reducted,type4_reducted
type1_1307|type1_reducted,type4_reducted
type1_2418|type1_reducted,type4_reducted
type1_1404|type1_reducted,type4_reducted
type1_2248|type1_reducted,type4_reducted
type1_2051|type1_reducted,type4_reducted
type1_1938|type1_reducted,type4_reducted
type1_2062|type1_reducted,type4_reducted
type1_1983|type1_reducted,type4_reducted
type1_1883|type1_reducted,type4_reducted
type1_2438|type1_reducted,type4_reducted
type1_2439|type1_reducted,type4_reducted
type1_1263|type1_reducted,type4_reducted
type1_1616|type1_reducted,type4_reducted
type1_2491|type1_reducted,type4_reducted
type1_629|type1_reducted,type4_reducted
type1_1569|type1_reducted,type4_reducted
type1_1480|type1_reducted,type4_reducted
type1_363|type1_reducted,type4_reducted
type1_881|type1_reducted,type4_reducted
type1_1364|type1_reducted,type4_reducted
type1_2511|type1_reducted,type4_reducted
type1_2505|type1_reducted,type4_reducted
type1_2017|type1_reducted,type4_reducted
type1_356|type1_reducted,type4_reducted
type1_1436|type1_reducted,type4_reducted
type1_1622|type1_reducted,type4_reducted
type1_1410|type1_reducted,type4_reducted
type1_22|type1_reducted,type4_reducted
type1_2168|type1_reducted,type4_reducted
type1_704|type1_reducted,type4_reducted
type1_1596|type1_reducted,type4_reducted
type1_2132|type1_reducted,type4_reducted
type2_785|type2_reducted,type2_reducted
type2_848|type2_reducted,type2_reducted
type2_1607|type2_reducted,type2_reducted
type2_5|type2_reducted,type2_reducted
type2_598|type2_reducted,type4_reducted
type2_1125|type2_reducted,type2_reducted
type2_585|type2_reducted,type2_reducted
type2_1494|type2_reducted,type2_reducted
type2_366|type2_reducted,type2_reducted
type2_934|type2_reducted,type2_reducted
type2_1477|type2_reducted,type2_reducted
type2_1423|type2_reducted,type2_reducted
type2_1127|type2_reducted,type2_reducted
type2_338|type2_reducted,type4_reducted
type2_380|type2_reducted,type4_reducted
type2_1480|type2_reducted,type2_reducted
type2_1004|type2_reducted,type2_reducted
type2_820|type2_reducted,type2_reducted
type2_783|type2_reducted,type2_reducted
type2_1531|type2_reducted,type2_reducted
type2_1371|type2_reducted,type2_reducted
type2_1669|type2_reducted,type2_reducted
type2_46|type2_reducted,type2_reducted
type2_95|type2_reducted,type2_reducted
type2_1695|type2_reducted,type4_reducted
type2_638|type2_reducted,type2_reducted
type2_1386|type2_reducted,type2_reducted
type2_1280|type2_reducted,type2_reducted
type2_1261|type2_reducted,type2_reducted
type2_1217|type2_reducted,type2_reducted
type2_159|type2_reducted,type2_reducted
type2_580|type2_reducted,type2_reducted
type2_1606|type2_reducted,type2_reducted
type2_865|type2_reducted,type2_reducted
type2_1259|type2_reducted,type2_reducted
type2_19|type2_reducted,type2_reducted
type2_274|type2_reducted,type2_reducted
type2_1189|type2_reducted,type2_reducted
type2_1100|type2_reducted,type4_reducted
type2_1504|type2_reducted,type2_reducted
type2_364|type2_reducted,type4_reducted
type2_744|type2_reducted,type2_reducted
type2_152|type2_reducted,type2_reducted
type2_193|type2_reducted,type2_reducted
type2_267|type2_reducted,type2_reducted
type2_556|type2_reducted,type2_reducted
type2_841|type2_reducted,type2_reducted
type2_931|type2_reducted,type2_reducted
type2_1409|type2_reducted,type2_reducted
type2_572|type2_reducted,type2_reducted
type2_1026|type2_reducted,type2_reducted
type2_1703|type2_reducted,type2_reducted
type2_436|type2_reducted,type2_reducted
type2_50|type2_reducted,type4_reducted
type2_1337|type2_reducted,type2_reducted
type2_670|type2_reducted,type2_reducted
type2_1364|type2_reducted,type2_reducted
type2_461|type2_reducted,type2_reducted
type2_642|type2_reducted,type2_reducted
type2_932|type2_reducted,type2_reducted
type2_391|type2_reducted,type2_reducted
type2_792|type2_reducted,type2_reducted
type2_55|type2_reducted,type2_reducted
type2_954|type2_reducted,type2_reducted
type2_791|type2_reducted,type2_reducted
type2_1380|type2_reducted,type2_reducted
type2_708|type2_reducted,type2_reducted
type2_492|type2_reducted,type2_reducted
type2_1412|type2_reducted,type2_reducted
type2_1105|type2_reducted,type4_reducted
type2_563|type2_reducted,type2_reducted
type2_464|type2_reducted,type2_reducted
type2_578|type2_reducted,type2_reducted
type2_1619|type2_reducted,type2_reducted
type2_587|type2_reducted,type2_reducted
type2_1603|type2_reducted,type2_reducted
type2_545|type2_reducted,type2_reducted
type2_529|type2_reducted,type2_reducted
type2_810|type2_reducted,type2_reducted
type2_82|type2_reducted,type2_reducted
type2_525|type2_reducted,type2_reducted
type2_65|type2_reducted,type2_reducted
type2_1401|type2_reducted,type2_reducted
type2_778|type2_reducted,type2_reducted
type2_393|type2_reducted,type2_reducted
type2_129|type2_reducted,type2_reducted
type2_702|type2_reducted,type2_reducted
type2_1096|type2_reducted,type2_reducted
type2_1565|type2_reducted,type2_reducted
type2_1509|type2_reducted,type2_reducted
type2_260|type2_reducted,type2_reducted
type2_1411|type2_reducted,type2_reducted
type2_896|type2_reducted,type2_reducted
type2_1728|type2_reducted,type2_reducted
type2_1558|type2_reducted,type2_reducted
type2_770|type2_reducted,type2_reducted
type2_1056|type2_reducted,type2_reducted
type2_1215|type2_reducted,type4_reducted
type2_1681|type2_reducted,type2_reducted
type2_1739|type2_reducted,type2_reducted
type2_564|type2_reducted,type2_reducted
type2_584|type2_reducted,type2_reducted
type2_714|type2_reducted,type2_reducted
type2_1283|type2_reducted,type2_reducted
type2_889|type2_reducted,type2_reducted
type2_1022|type2_reducted,type2_reducted
type2_1239|type2_reducted,type2_reducted
type2_589|type2_reducted,type2_reducted
type2_1073|type2_reducted,type2_reducted
type2_1148|type2_reducted,type2_reducted
type2_1508|type2_reducted,type2_reducted
type2_853|type2_reducted,type4_reducted
type2_406|type2_reducted,type2_reducted
type2_348|type2_reducted,type2_reducted
type2_906|type2_reducted,type4_reducted
type2_1705|type2_reducted,type2_reducted
type2_321|type2_reducted,type2_reducted
type2_862|type2_reducted,type4_reducted
type2_1136|type2_reducted,type2_reducted
type2_766|type2_reducted,type2_reducted
type2_949|type2_reducted,type2_reducted
type2_560|type2_reducted,type2_reducted
type2_710|type2_reducted,type2_reducted
type2_256|type2_reducted,type2_reducted
type2_873|type2_reducted,type2_reducted
type2_148|type2_reducted,type2_reducted
type2_543|type2_reducted,type2_reducted
type2_1600|type2_reducted,type2_reducted
type2_408|type2_reducted,type2_reducted
type2_832|type2_reducted,type2_reducted
type2_746|type2_reducted,type2_reducted
type2_1553|type2_reducted,type2_reducted
type2_239|type2_reducted,type2_reducted
type2_471|type2_reducted,type2_reducted
type2_1188|type2_reducted,type2_reducted
type2_1399|type2_reducted,type2_reducted
type2_149|type2_reducted,type4_reducted
type2_604|type2_reducted,type2_reducted
type2_216|type2_reducted,type2_reducted
type2_146|type2_reducted,type2_reducted
type2_1094|type2_reducted,type2_reducted
type2_526|type2_reducted,type2_reducted
type2_527|type2_reducted,type2_reducted
type2_309|type2_reducted,type2_reducted
type2_1544|type2_reducted,type2_reducted
type2_628|type2_reducted,type2_reducted
type2_1554|type2_reducted,type2_reducted
type2_1525|type2_reducted,type2_reducted
type2_1545|type2_reducted,type2_reducted
type2_953|type2_reducted,type2_reducted
type2_1342|type2_reducted,type2_reducted
type2_566|type2_reducted,type2_reducted
type2_124|type2_reducted,type2_reducted
type2_351|type2_reducted,type4_reducted
type2_1579|type2_reducted,type2_reducted
type2_323|type2_reducted,type2_reducted
type2_1299|type2_reducted,type2_reducted
type2_1106|type2_reducted,type4_reducted
type2_442|type2_reducted,type2_reducted
type2_1577|type2_reducted,type2_reducted
type2_1324|type2_reducted,type4_reducted
type2_213|type2_reducted,type2_reducted
type2_268|type2_reducted,type4_reducted
type2_158|type2_reducted,type2_reducted
type2_1359|type2_reducted,type4_reducted
type2_577|type2_reducted,type4_reducted
type2_1332|type2_reducted,type2_reducted
type2_236|type2_reducted,type2_reducted
type2_271|type2_reducted,type2_reducted
type2_480|type2_reducted,type2_reducted
type2_596|type2_reducted,type4_reducted
type2_893|type2_reducted,type2_reducted
type2_647|type2_reducted,type2_reducted
type2_996|type2_reducted,type2_reducted
type2_620|type2_reducted,type2_reducted
type2_959|type2_reducted,type4_reducted
type2_1575|type2_reducted,type2_reducted
type2_1534|type2_reducted,type2_reducted
type2_1420|type2_reducted,type2_reducted
type2_262|type2_reducted,type2_reducted
type2_1632|type2_reducted,type2_reducted
type2_1655|type2_reducted,type2_reducted
type2_960|type2_reducted,type2_reducted
type2_1738|type2_reducted,type2_reducted
type2_1296|type2_reducted,type2_reducted
type2_415|type2_reducted,type2_reducted
type2_905|type2_reducted,type4_reducted
type2_1589|type2_reducted,type2_reducted
type2_172|type2_reducted,type2_reducted
type2_407|type2_reducted,type2_reducted
type2_663|type2_reducted,type2_reducted
type2_872|type2_reducted,type2_reducted
type2_71|type2_reducted,type2_reducted
type2_582|type2_reducted,type2_reducted
type2_167|type2_reducted,type2_reducted
type2_1258|type2_reducted,type2_reducted
type2_1406|type2_reducted,type2_reducted
type2_189|type2_reducted,type2_reducted
type2_984|type2_reducted,type2_reducted
type2_518|type2_reducted,type2_reducted
type2_1270|type2_reducted,type4_reducted
type2_24|type2_reducted,type2_reducted
type2_994|type2_reducted,type2_reducted
type2_1264|type2_reducted,type2_reducted
type2_1569|type2_reducted,type2_reducted
type2_1289|type2_reducted,type2_reducted
type2_1485|type2_reducted,type2_reducted
type2_140|type2_reducted,type2_reducted
type2_509|type2_reducted,type2_reducted
type2_885|type2_reducted,type2_reducted
type2_1735|type2_reducted,type2_reducted
type2_823|type2_reducted,type2_reducted
type2_1729|type2_reducted,type2_reducted
type2_398|type2_reducted,type2_reducted
type2_350|type2_reducted,type2_reducted
type2_353|type2_reducted,type2_reducted
type2_1040|type2_reducted,type4_reducted
type2_1067|type2_reducted,type4_reducted
type2_767|type2_reducted,type2_reducted
type2_833|type2_reducted,type2_reducted
type2_138|type2_reducted,type2_reducted
type2_850|type2_reducted,type2_reducted
type2_926|type2_reducted,type2_reducted
type2_884|type2_reducted,type2_reducted
type2_1590|type2_reducted,type2_reducted
type2_802|type2_reducted,type2_reducted
type2_546|type2_reducted,type2_reducted
type2_1266|type2_reducted,type2_reducted
type2_1330|type2_reducted,type4_reducted
type2_110|type2_reducted,type2_reducted
type2_1038|type2_reducted,type4_reducted
type2_1505|type2_reducted,type2_reducted
type2_386|type2_reducted,type2_reducted
type2_199|type2_reducted,type2_reducted
type2_173|type2_reducted,type2_reducted
type2_254|type2_reducted,type2_reducted
type2_1305|type2_reducted,type2_reducted
type2_330|type2_reducted,type2_reducted
type2_1286|type2_reducted,type4_reducted
type2_1467|type2_reducted,type2_reducted
type2_226|type2_reducted,type2_reducted
type2_1568|type2_reducted,type2_reducted
type2_798|type2_reducted,type2_reducted
type2_89|type2_reducted,type2_reducted
type2_595|type2_reducted,type2_reducted
type2_1014|type2_reducted,type2_reducted
type2_278|type2_reducted,type2_reducted
type2_347|type2_reducted,type2_reducted
type2_796|type2_reducted,type2_reducted
type2_1244|type2_reducted,type2_reducted
type2_388|type2_reducted,type2_reducted
type2_73|type2_reducted,type2_reducted
type2_1478|type2_reducted,type2_reducted
type2_636|type2_reducted,type2_reducted
type2_190|type2_reducted,type2_reducted
type2_1178|type2_reducted,type4_reducted
type2_1255|type2_reducted,type2_reducted
type2_1679|type2_reducted,type2_reducted
type2_247|type2_reducted,type2_reducted
type2_903|type2_reducted,type4_reducted
type2_130|type2_reducted,type2_reducted
type2_1245|type2_reducted,type2_reducted
type2_1020|type2_reducted,type2_reducted
type2_539|type2_reducted,type2_reducted
type2_607|type2_reducted,type2_reducted
type2_1381|type2_reducted,type2_reducted
type2_1595|type2_reducted,type2_reducted
type2_483|type2_reducted,type4_reducted
type2_1489|type2_reducted,type2_reducted
type2_277|type2_reducted,type2_reducted
type2_218|type2_reducted,type2_reducted
type2_805|type2_reducted,type2_reducted
type2_400|type2_reducted,type2_reducted
type2_1756|type2_reducted,type4_reducted
type2_142|type2_reducted,type2_reducted
type2_831|type2_reducted,type2_reducted
type2_1054|type2_reducted,type2_reducted
type2_565|type2_reducted,type2_reducted
type2_696|type2_reducted,type2_reducted
type2_661|type2_reducted,type2_reducted
type2_854|type2_reducted,type2_reducted
type2_1493|type2_reducted,type2_reducted
type2_374|type2_reducted,type2_reducted
type2_1006|type2_reducted,type2_reducted
type2_958|type2_reducted,type2_reducted
type2_1698|type2_reducted,type2_reducted
type2_1313|type2_reducted,type2_reducted
type2_272|type2_reducted,type2_reducted
type2_613|type2_reducted,type2_reducted
type2_967|type2_reducted,type2_reducted
type2_876|type2_reducted,type2_reducted
type2_547|type2_reducted,type2_reducted
type2_1197|type2_reducted,type2_reducted
type2_1066|type2_reducted,type4_reducted
type2_943|type2_reducted,type2_reducted
type2_882|type2_reducted,type2_reducted
type2_1293|type2_reducted,type2_reducted
type2_405|type2_reducted,type2_reducted
type2_1418|type2_reducted,type2_reducted
type2_827|type2_reducted,type2_reducted
type2_793|type2_reducted,type2_reducted
type2_935|type2_reducted,type2_reducted
type2_297|type2_reducted,type2_reducted
type2_835|type2_reducted,type2_reducted
type2_1193|type2_reducted,type2_reducted
type2_1093|type2_reducted,type2_reducted
type2_473|type2_reducted,type2_reducted
type2_614|type2_reducted,type2_reducted
type2_1227|type2_reducted,type4_reducted
type2_869|type2_reducted,type2_reducted
type2_553|type2_reducted,type2_reducted
type2_377|type2_reducted,type2_reducted
type2_1689|type2_reducted,type2_reducted
type2_779|type2_reducted,type4_reducted
type2_1327|type2_reducted,type4_reducted
type2_516|type2_reducted,type2_reducted
type2_1675|type2_reducted,type2_reducted
type2_41|type2_reducted,type2_reducted
type2_1273|type2_reducted,type2_reducted
type2_246|type2_reducted,type2_reducted
type2_1677|type2_reducted,type2_reducted
type2_455|type2_reducted,type2_reducted
type2_1612|type2_reducted,type2_reducted
type2_141|type2_reducted,type2_reducted
type2_1556|type2_reducted,type2_reducted
type2_346|type2_reducted,type2_reducted
type2_674|type2_reducted,type2_reducted
type2_722|type2_reducted,type2_reducted
type2_1464|type2_reducted,type2_reducted
type2_1357|type2_reducted,type2_reducted
type2_759|type2_reducted,type4_reducted
type2_1456|type2_reducted,type2_reducted
type2_143|type2_reducted,type2_reducted
type2_231|type2_reducted,type2_reducted
type2_760|type2_reducted,type2_reducted
type2_1564|type2_reducted,type2_reducted
type2_1059|type2_reducted,type2_reducted
type2_1128|type2_reducted,type2_reducted
type2_258|type2_reducted,type2_reducted
type2_13|type2_reducted,type2_reducted
type2_308|type2_reducted,type2_reducted
type2_1214|type2_reducted,type4_reducted
type2_359|type2_reducted,type2_reducted
type2_494|type2_reducted,type2_reducted
type2_1484|type2_reducted,type4_reducted
type2_468|type2_reducted,type2_reducted
type2_1242|type2_reducted,type2_reducted
type2_1249|type2_reducted,type2_reducted
type2_1265|type2_reducted,type2_reducted
type2_26|type2_reducted,type2_reducted
type2_784|type2_reducted,type2_reducted
type2_1598|type2_reducted,type2_reducted
type2_968|type2_reducted,type2_reducted
type2_180|type2_reducted,type2_reducted
type2_717|type2_reducted,type2_reducted
type2_261|type2_reducted,type2_reducted
type2_1444|type2_reducted,type2_reducted
type2_732|type2_reducted,type2_reducted
type2_1030|type2_reducted,type2_reducted
type2_856|type2_reducted,type2_reducted
type2_531|type2_reducted,type2_reducted
type2_376|type2_reducted,type2_reducted
type2_136|type2_reducted,type2_reducted
type2_1572|type2_reducted,type2_reducted
type2_775|type2_reducted,type2_reducted
type2_463|type2_reducted,type4_reducted
type2_725|type2_reducted,type2_reducted
type2_1186|type2_reducted,type2_reducted
type2_107|type2_reducted,type2_reducted
type2_414|type2_reducted,type2_reducted
type2_457|type2_reducted,type2_reducted
type2_1155|type2_reducted,type2_reducted
type2_1304|type2_reducted,type2_reducted
type2_1624|type2_reducted,type2_reducted
type2_1152|type2_reducted,type2_reducted
type2_1376|type2_reducted,type2_reducted
type2_875|type2_reducted,type2_reducted
type2_1015|type2_reducted,type2_reducted
type2_59|type2_reducted,type2_reducted
type2_77|type2_reducted,type2_reducted
type2_1438|type2_reducted,type2_reducted
type2_137|type2_reducted,type2_reducted
type2_1088|type2_reducted,type2_reducted
type2_420|type2_reducted,type2_reducted
type2_1081|type2_reducted,type2_reducted
type2_658|type2_reducted,type4_reducted
type2_1147|type2_reducted,type2_reducted
type2_512|type2_reducted,type2_reducted
type2_310|type2_reducted,type2_reducted
type2_360|type2_reducted,type2_reducted
type2_894|type2_reducted,type4_reducted
type2_1567|type2_reducted,type2_reducted
type2_332|type2_reducted,type2_reducted
type2_1588|type2_reducted,type2_reducted
type2_1696|type2_reducted,type2_reducted
type2_921|type2_reducted,type2_reducted
type2_697|type2_reducted,type2_reducted
type2_1736|type2_reducted,type2_reducted
type2_1017|type2_reducted,type2_reducted
type2_84|type2_reducted,type2_reducted
type2_1699|type2_reducted,type2_reducted
type2_423|type2_reducted,type2_reducted
type2_700|type2_reducted,type2_reducted
type2_284|type2_reducted,type2_reducted
type2_156|type2_reducted,type4_reducted
type2_592|type2_reducted,type2_reducted
type2_215|type2_reducted,type4_reducted
type2_858|type2_reducted,type2_reducted
type2_1459|type2_reducted,type2_reducted
type2_53|type2_reducted,type2_reducted
type2_266|type2_reducted,type2_reducted
type2_868|type2_reducted,type2_reducted
type2_1260|type2_reducted,type2_reducted
type2_1104|type2_reducted,type4_reducted
type2_1649|type2_reducted,type2_reducted
type2_1434|type2_reducted,type2_reducted
type2_1157|type2_reducted,type2_reducted
type2_690|type2_reducted,type2_reducted
type2_56|type2_reducted,type2_reducted
type2_881|type2_reducted,type2_reducted
type2_1275|type2_reducted,type2_reducted
type2_1515|type2_reducted,type2_reducted
type2_62|type2_reducted,type4_reducted
type2_96|type2_reducted,type2_reducted
type2_1414|type2_reducted,type2_reducted
type2_1272|type2_reducted,type2_reducted
type2_1741|type2_reducted,type2_reducted
type2_1550|type2_reducted,type2_reducted
type2_1518|type2_reducted,type2_reducted
type2_201|type2_reducted,type2_reducted
type2_1346|type2_reducted,type2_reducted
type2_1429|type2_reducted,type2_reducted
type2_269|type2_reducted,type4_reducted
type2_1630|type2_reducted,type2_reducted
type2_421|type2_reducted,type2_reducted
type2_372|type2_reducted,type2_reducted
type2_1133|type2_reducted,type2_reducted
type2_69|type2_reducted,type2_reducted
type2_1537|type2_reducted,type2_reducted
type2_1715|type2_reducted,type2_reducted
type2_395|type2_reducted,type2_reducted
type2_1377|type2_reducted,type2_reducted
type2_593|type2_reducted,type2_reducted
type2_930|type2_reducted,type2_reducted
type2_721|type2_reducted,type2_reducted
type2_567|type2_reducted,type2_reducted
type2_1710|type2_reducted,type2_reducted
type2_1667|type2_reducted,type2_reducted
type2_511|type2_reducted,type2_reducted
type2_382|type2_reducted,type2_reducted
type2_568|type2_reducted,type2_reducted
type2_1204|type2_reducted,type4_reducted
type2_147|type2_reducted,type2_reducted
type2_962|type2_reducted,type2_reducted
type2_476|type2_reducted,type2_reducted
type2_743|type2_reducted,type2_reducted
type2_990|type2_reducted,type2_reducted
type2_1123|type2_reducted,type2_reducted
type2_880|type2_reducted,type2_reducted
type2_1613|type2_reducted,type2_reducted
type2_339|type2_reducted,type2_reducted
type2_681|type2_reducted,type2_reducted
type2_1031|type2_reducted,type2_reducted
type2_327|type2_reducted,type2_reducted
type2_1633|type2_reducted,type2_reducted
type2_206|type2_reducted,type4_reducted
type2_85|type2_reducted,type2_reducted
type2_1099|type2_reducted,type4_reducted
type2_917|type2_reducted,type2_reducted
type2_749|type2_reducted,type2_reducted
type2_1559|type2_reducted,type2_reducted
type2_532|type2_reducted,type2_reducted
type2_187|type2_reducted,type2_reducted
type2_1751|type2_reducted,type2_reducted
type2_1682|type2_reducted,type2_reducted
type2_989|type2_reducted,type4_reducted
type2_983|type2_reducted,type4_reducted
type2_456|type2_reducted,type2_reducted
type2_524|type2_reducted,type2_reducted
type2_1247|type2_reducted,type2_reducted
type2_295|type2_reducted,type2_reducted
type2_202|type2_reducted,type2_reducted
type2_282|type2_reducted,type2_reducted
type2_822|type2_reducted,type2_reducted
type2_684|type2_reducted,type2_reducted
type2_1374|type2_reducted,type2_reducted
type2_87|type2_reducted,type2_reducted
type2_707|type2_reducted,type2_reducted
type2_542|type2_reducted,type2_reducted
type2_38|type2_reducted,type2_reducted
type2_453|type2_reducted,type2_reducted
type2_232|type2_reducted,type4_reducted
type2_469|type2_reducted,type2_reducted
type2_1044|type2_reducted,type2_reducted
type2_1465|type2_reducted,type2_reducted
type2_1542|type2_reducted,type2_reducted
type2_1706|type2_reducted,type2_reducted
type2_955|type2_reducted,type4_reducted
type2_719|type2_reducted,type2_reducted
type2_618|type2_reducted,type2_reducted
type2_773|type2_reducted,type2_reducted
type2_1652|type2_reducted,type2_reducted
type2_113|type2_reducted,type4_reducted
type2_241|type2_reducted,type2_reducted
type2_270|type2_reducted,type2_reducted
type2_907|type2_reducted,type4_reducted
type2_606|type2_reducted,type4_reducted
type2_320|type2_reducted,type2_reducted
type2_947|type2_reducted,type2_reducted
type2_356|type2_reducted,type2_reducted
type2_914|type2_reducted,type4_reducted
type2_978|type2_reducted,type2_reducted
type2_851|type2_reducted,type2_reducted
type2_631|type2_reducted,type2_reducted
type2_731|type2_reducted,type2_reducted
type2_1326|type2_reducted,type4_reducted
type2_624|type2_reducted,type2_reducted
type2_336|type2_reducted,type2_reducted
type2_286|type2_reducted,type2_reducted
type2_937|type2_reducted,type2_reducted
type2_1524|type2_reducted,type2_reducted
type2_1726|type2_reducted,type2_reducted
type2_946|type2_reducted,type2_reducted
type2_987|type2_reducted,type2_reducted
type2_826|type2_reducted,type2_reducted
type2_513|type2_reducted,type2_reducted
type2_733|type2_reducted,type2_reducted
type2_1063|type2_reducted,type4_reducted
type2_437|type2_reducted,type2_reducted
type2_251|type2_reducted,type2_reducted
type2_57|type2_reducted,type2_reducted
type2_1109|type2_reducted,type2_reducted
type2_870|type2_reducted,type2_reducted
type2_1658|type2_reducted,type2_reducted
type2_790|type2_reducted,type2_reducted
type2_1452|type2_reducted,type2_reducted
type2_72|type2_reducted,type2_reducted
type2_1271|type2_reducted,type4_reducted
type2_1753|type2_reducted,type4_reducted
type2_795|type2_reducted,type2_reducted
type2_1379|type2_reducted,type2_reducted
type2_916|type2_reducted,type4_reducted
type2_379|type2_reducted,type4_reducted
type2_248|type2_reducted,type2_reducted
type2_1502|type2_reducted,type2_reducted
type2_1521|type2_reducted,type2_reducted
type2_1700|type2_reducted,type2_reducted
type2_1182|type2_reducted,type2_reducted
type2_357|type2_reducted,type2_reducted
type2_818|type2_reducted,type2_reducted
type2_1112|type2_reducted,type2_reducted
type2_1334|type2_reducted,type2_reducted
type2_373|type2_reducted,type2_reducted
type2_653|type2_reducted,type4_reducted
type2_1466|type2_reducted,type2_reducted
type2_1697|type2_reducted,type2_reducted
type2_1284|type2_reducted,type2_reducted
type2_490|type2_reducted,type2_reducted
type2_375|type2_reducted,type2_reducted
type2_1018|type2_reducted,type2_reducted
type2_1636|type2_reducted,type2_reducted
type2_1410|type2_reducted,type2_reducted
type2_800|type2_reducted,type2_reducted
type2_1033|type2_reducted,type2_reducted
type2_1561|type2_reducted,type2_reducted
type2_874|type2_reducted,type2_reducted
type2_1200|type2_reducted,type4_reducted
type2_904|type2_reducted,type4_reducted
type2_863|type2_reducted,type2_reducted
type2_597|type2_reducted,type2_reducted
type2_637|type2_reducted,type2_reducted
type2_1080|type2_reducted,type2_reducted
type2_925|type2_reducted,type2_reducted
type2_83|type2_reducted,type2_reducted
type2_1278|type2_reducted,type2_reducted
type2_940|type2_reducted,type2_reducted
type2_1201|type2_reducted,type2_reducted
type2_1163|type2_reducted,type2_reducted
type2_550|type2_reducted,type2_reducted
type2_429|type2_reducted,type2_reducted
type2_668|type2_reducted,type2_reducted
type2_771|type2_reducted,type2_reducted
type2_163|type2_reducted,type2_reducted
type2_623|type2_reducted,type2_reducted
type2_1408|type2_reducted,type2_reducted
type2_1229|type2_reducted,type2_reducted
type2_711|type2_reducted,type2_reducted
type2_627|type2_reducted,type2_reducted
type2_1269|type2_reducted,type2_reducted
type2_1281|type2_reducted,type2_reducted
type2_312|type2_reducted,type2_reducted
type2_1102|type2_reducted,type4_reducted
type2_736|type2_reducted,type2_reducted
type2_424|type2_reducted,type2_reducted
type2_1551|type2_reducted,type2_reducted
type2_1173|type2_reducted,type2_reducted
type2_91|type2_reducted,type2_reducted
type2_895|type2_reducted,type2_reducted
type2_1339|type2_reducted,type2_reducted
type2_541|type2_reducted,type2_reducted
type2_520|type2_reducted,type2_reducted
type2_649|type2_reducted,type2_reducted
type2_1476|type2_reducted,type2_reducted
type2_265|type2_reducted,type2_reducted
type2_824|type2_reducted,type2_reducted
type2_477|type2_reducted,type2_reducted
type2_1065|type2_reducted,type4_reducted
type2_1608|type2_reducted,type2_reducted
type2_447|type2_reducted,type4_reducted
type2_281|type2_reducted,type2_reducted
type2_840|type2_reducted,type2_reducted
type2_1538|type2_reducted,type2_reducted
type2_1032|type2_reducted,type2_reducted
type2_419|type2_reducted,type2_reducted
type2_1235|type2_reducted,type2_reducted
type2_1203|type2_reducted,type2_reducted
type2_318|type2_reducted,type2_reducted
type2_289|type2_reducted,type2_reducted
type2_1087|type2_reducted,type2_reducted
type2_936|type2_reducted,type4_reducted
type2_1164|type2_reducted,type2_reducted
type2_1391|type2_reducted,type2_reducted
type2_1694|type2_reducted,type2_reducted
type2_1566|type2_reducted,type2_reducted
type2_579|type2_reducted,type2_reducted
type2_1037|type2_reducted,type2_reducted
type2_1397|type2_reducted,type2_reducted
type2_1353|type2_reducted,type2_reducted
type2_908|type2_reducted,type4_reducted
type2_249|type2_reducted,type2_reducted
type2_484|type2_reducted,type2_reducted
type2_1019|type2_reducted,type2_reducted
type2_495|type2_reducted,type2_reducted
type2_1602|type2_reducted,type2_reducted
type2_1431|type2_reducted,type2_reducted
type2_1552|type2_reducted,type2_reducted
type2_601|type2_reducted,type2_reducted
type2_157|type2_reducted,type2_reducted
type2_250|type2_reducted,type2_reducted
type2_1390|type2_reducted,type2_reducted
type2_225|type2_reducted,type4_reducted
type2_619|type2_reducted,type4_reducted
type2_639|type2_reducted,type2_reducted
type2_1520|type2_reducted,type2_reducted
type2_918|type2_reducted,type2_reducted
type2_1424|type2_reducted,type2_reducted
type2_1536|type2_reducted,type2_reducted
type2_1318|type2_reducted,type2_reducted
type2_319|type2_reducted,type2_reducted
type2_1169|type2_reducted,type2_reducted
type2_1723|type2_reducted,type2_reducted
type2_723|type2_reducted,type2_reducted
type2_1549|type2_reducted,type2_reducted
type2_724|type2_reducted,type2_reducted
type2_401|type2_reducted,type2_reducted
type2_1222|type2_reducted,type4_reducted
type2_797|type2_reducted,type2_reducted
type2_1361|type2_reducted,type4_reducted
type2_74|type2_reducted,type2_reducted
type2_404|type2_reducted,type2_reducted
type2_1389|type2_reducted,type2_reducted
type2_433|type2_reducted,type2_reducted
type2_1050|type2_reducted,type2_reducted
type2_506|type2_reducted,type2_reducted
type2_980|type2_reducted,type2_reducted
type2_1639|type2_reducted,type2_reducted
type2_871|type2_reducted,type2_reducted
type2_1314|type2_reducted,type2_reducted
type2_234|type2_reducted,type2_reducted
type2_1091|type2_reducted,type2_reducted
type2_487|type2_reducted,type2_reducted
type2_1153|type2_reducted,type2_reducted
type2_21|type2_reducted,type2_reducted
type2_396|type2_reducted,type2_reducted
type2_389|type2_reducted,type2_reducted
type2_27|type2_reducted,type2_reducted
type2_505|type2_reducted,type2_reducted
type2_738|type2_reducted,type2_reducted
type2_311|type2_reducted,type2_reducted
type2_816|type2_reducted,type2_reducted
type2_1514|type2_reducted,type2_reducted
type2_1010|type2_reducted,type2_reducted
type2_1454|type2_reducted,type2_reducted
type2_109|type2_reducted,type2_reducted
type2_31|type2_reducted,type2_reducted
type2_1382|type2_reducted,type2_reducted
type2_1356|type2_reducted,type2_reducted
type2_838|type2_reducted,type2_reducted
type2_1442|type2_reducted,type2_reducted
type2_1709|type2_reducted,type2_reducted
type2_1392|type2_reducted,type2_reducted
type2_1161|type2_reducted,type2_reducted
type2_1315|type2_reducted,type2_reducted
type2_687|type2_reducted,type2_reducted
type2_44|type2_reducted,type2_reducted
type2_923|type2_reducted,type2_reducted
type2_1583|type2_reducted,type2_reducted
type2_52|type2_reducted,type2_reducted
type2_562|type2_reducted,type2_reducted
type2_164|type2_reducted,type2_reducted
type2_365|type2_reducted,type2_reducted
type2_47|type2_reducted,type2_reducted
type2_590|type2_reducted,type2_reducted
type2_135|type2_reducted,type2_reducted
type2_521|type2_reducted,type2_reducted
type2_1135|type2_reducted,type2_reducted
type2_1378|type2_reducted,type4_reducted
type2_1290|type2_reducted,type2_reducted
type2_1384|type2_reducted,type2_reducted
type2_679|type2_reducted,type2_reducted
type2_422|type2_reducted,type2_reducted
type2_14|type2_reducted,type2_reducted
type2_899|type2_reducted,type4_reducted
type2_1491|type2_reducted,type2_reducted
type2_1013|type2_reducted,type2_reducted
type2_79|type2_reducted,type2_reducted
type2_570|type2_reducted,type2_reducted
type2_1734|type2_reducted,type2_reducted
type2_533|type2_reducted,type2_reducted
type2_758|type2_reducted,type2_reducted
type2_685|type2_reducted,type2_reducted
type2_1068|type2_reducted,type4_reducted
type2_343|type2_reducted,type2_reducted
type2_485|type2_reducted,type2_reducted
type2_1322|type2_reducted,type4_reducted
type2_1034|type2_reducted,type2_reducted
type2_799|type2_reducted,type2_reducted
type2_313|type2_reducted,type2_reducted
type2_1570|type2_reducted,type2_reducted
type2_119|type2_reducted,type2_reducted
type2_1101|type2_reducted,type4_reducted
type2_911|type2_reducted,type2_reducted
type2_1058|type2_reducted,type4_reducted
type2_1086|type2_reducted,type2_reducted
type2_1141|type2_reducted,type2_reducted
type2_1053|type2_reducted,type2_reducted
type2_1049|type2_reducted,type2_reducted
type2_1712|type2_reducted,type2_reducted
type2_306|type2_reducted,type2_reducted
type2_1012|type2_reducted,type2_reducted
type2_1653|type2_reducted,type2_reducted
type2_1539|type2_reducted,type2_reducted
type2_175|type2_reducted,type4_reducted
type2_801|type2_reducted,type2_reducted
type2_817|type2_reducted,type2_reducted
type2_237|type2_reducted,type2_reducted
type2_1228|type2_reducted,type2_reducted
type2_969|type2_reducted,type2_reducted
type2_1349|type2_reducted,type2_reducted
type2_291|type2_reducted,type2_reducted
type2_1422|type2_reducted,type2_reducted
type2_1156|type2_reducted,type2_reducted
type2_1048|type2_reducted,type4_reducted
type2_554|type2_reducted,type2_reducted
type2_981|type2_reducted,type2_reducted
type2_177|type2_reducted,type2_reducted
type2_648|type2_reducted,type2_reducted
type2_1069|type2_reducted,type4_reducted
type2_67|type2_reducted,type2_reducted
type2_1586|type2_reducted,type2_reducted
type2_1262|type2_reducted,type2_reducted
type2_1574|type2_reducted,type2_reducted
type2_1754|type2_reducted,type4_reducted
type2_883|type2_reducted,type2_reducted
type2_839|type2_reducted,type2_reducted
type2_1573|type2_reducted,type2_reducted
type2_151|type2_reducted,type2_reducted
type2_1546|type2_reducted,type2_reducted
type2_1218|type2_reducted,type4_reducted
type2_434|type2_reducted,type2_reducted
type2_1145|type2_reducted,type2_reducted
type2_195|type2_reducted,type2_reducted
type2_1530|type2_reducted,type2_reducted
type2_183|type2_reducted,type2_reducted
type2_230|type2_reducted,type2_reducted
type2_448|type2_reducted,type2_reducted
type2_103|type2_reducted,type2_reducted
type2_845|type2_reducted,type2_reducted
type2_1383|type2_reducted,type2_reducted
type2_1498|type2_reducted,type2_reducted
type2_919|type2_reducted,type2_reducted
type2_1425|type2_reducted,type2_reducted
type2_307|type2_reducted,type4_reducted
type2_924|type2_reducted,type2_reducted
type2_528|type2_reducted,type2_reducted
type2_1075|type2_reducted,type2_reducted
type2_17|type2_reducted,type2_reducted
type2_185|type2_reducted,type2_reducted
type2_559|type2_reducted,type2_reducted
type2_1016|type2_reducted,type2_reducted
type2_1532|type2_reducted,type2_reducted
type2_86|type2_reducted,type2_reducted
type2_1711|type2_reducted,type2_reducted
type2_1309|type2_reducted,type2_reducted
type2_1338|type2_reducted,type2_reducted
type2_128|type2_reducted,type2_reducted
type2_787|type2_reducted,type2_reducted
type2_176|type2_reducted,type2_reducted
type2_1103|type2_reducted,type2_reducted
type2_125|type2_reducted,type2_reducted
type2_1596|type2_reducted,type2_reducted
type2_1690|type2_reducted,type2_reducted
type2_909|type2_reducted,type4_reducted
type2_1749|type2_reducted,type4_reducted
type2_973|type2_reducted,type2_reducted
type2_1131|type2_reducted,type2_reducted
type2_574|type2_reducted,type2_reducted
type2_650|type2_reducted,type2_reducted
type2_36|type2_reducted,type2_reducted
type2_811|type2_reducted,type2_reducted
type2_1730|type2_reducted,type2_reducted
type2_573|type2_reducted,type2_reducted
type2_1331|type2_reducted,type2_reducted
type2_729|type2_reducted,type4_reducted
type2_1471|type2_reducted,type2_reducted
type2_1395|type2_reducted,type2_reducted
type2_1683|type2_reducted,type2_reducted
type2_1211|type2_reducted,type2_reducted
type2_1593|type2_reducted,type2_reducted
type2_488|type2_reducted,type2_reducted
type2_481|type2_reducted,type2_reducted
type2_706|type2_reducted,type2_reducted
type2_54|type2_reducted,type2_reducted
type2_963|type2_reducted,type2_reducted
type2_745|type2_reducted,type2_reducted
type2_1643|type2_reducted,type2_reducted
type2_285|type2_reducted,type2_reducted
type2_803|type2_reducted,type2_reducted
type2_997|type2_reducted,type2_reducted
type2_1234|type2_reducted,type2_reducted
type2_617|type2_reducted,type2_reducted
type2_939|type2_reducted,type2_reducted
type2_1224|type2_reducted,type4_reducted
type2_1137|type2_reducted,type2_reducted
type2_1439|type2_reducted,type2_reducted
type2_1070|type2_reducted,type4_reducted
type2_849|type2_reducted,type2_reducted
type2_586|type2_reducted,type2_reducted
type2_1388|type2_reducted,type2_reducted
type2_1659|type2_reducted,type2_reducted
type2_317|type2_reducted,type2_reducted
type2_303|type2_reducted,type2_reducted
type2_1661|type2_reducted,type2_reducted
type2_1708|type2_reducted,type2_reducted
type2_763|type2_reducted,type2_reducted
type2_475|type2_reducted,type2_reducted
type2_1225|type2_reducted,type4_reducted
type2_1555|type2_reducted,type2_reducted
type2_1202|type2_reducted,type2_reducted
type2_1640|type2_reducted,type2_reducted
type2_1413|type2_reducted,type2_reducted
type2_1348|type2_reducted,type2_reducted
type2_1691|type2_reducted,type2_reducted
type2_1594|type2_reducted,type2_reducted
type2_1301|type2_reducted,type2_reducted
type2_1360|type2_reducted,type4_reducted
type2_912|type2_reducted,type4_reducted
type2_1720|type2_reducted,type2_reducted
type2_1117|type2_reducted,type2_reducted
type2_305|type2_reducted,type2_reducted
type2_1267|type2_reducted,type2_reducted
type2_1130|type2_reducted,type2_reducted
type2_1310|type2_reducted,type2_reducted
type2_844|type2_reducted,type2_reducted
type2_1742|type2_reducted,type2_reducted
type2_1162|type2_reducted,type2_reducted
type2_555|type2_reducted,type2_reducted
type2_720|type2_reducted,type2_reducted
type2_1463|type2_reducted,type2_reducted
type2_786|type2_reducted,type2_reducted
type2_122|type2_reducted,type2_reducted
type2_1191|type2_reducted,type2_reducted
type2_1692|type2_reducted,type2_reducted
type2_1295|type2_reducted,type2_reducted
type2_1170|type2_reducted,type2_reducted
type2_264|type2_reducted,type2_reducted
type2_1560|type2_reducted,type2_reducted
type2_519|type2_reducted,type2_reducted
type2_1426|type2_reducted,type2_reducted
type2_118|type2_reducted,type2_reducted
type2_101|type2_reducted,type2_reducted
type2_1622|type2_reducted,type2_reducted
type2_1472|type2_reducted,type2_reducted
type2_761|type2_reducted,type2_reducted
type2_255|type2_reducted,type2_reducted
type2_126|type2_reducted,type2_reducted
type2_502|type2_reducted,type2_reducted
type2_1393|type2_reducted,type2_reducted
type2_1483|type2_reducted,type2_reducted
type2_879|type2_reducted,type2_reducted
type2_355|type2_reducted,type2_reducted
type2_1678|type2_reducted,type2_reducted
type2_762|type2_reducted,type2_reducted
type2_76|type2_reducted,type2_reducted
type2_514|type2_reducted,type2_reducted
type2_1288|type2_reducted,type2_reducted
type2_93|type2_reducted,type4_reducted
type2_1219|type2_reducted,type2_reducted
type2_1680|type2_reducted,type2_reducted
type2_1744|type2_reducted,type2_reducted
type2_1597|type2_reducted,type4_reducted
type2_1718|type2_reducted,type2_reducted
type2_1165|type2_reducted,type2_reducted
type2_472|type2_reducted,type2_reducted
type2_253|type2_reducted,type4_reducted
type2_1755|type2_reducted,type4_reducted
type2_1282|type2_reducted,type4_reducted
type2_301|type2_reducted,type2_reducted
type2_378|type2_reducted,type2_reducted
type2_698|type2_reducted,type2_reducted
type2_1490|type2_reducted,type2_reducted
type2_221|type2_reducted,type4_reducted
type2_1648|type2_reducted,type2_reducted
type2_1175|type2_reducted,type2_reducted
type2_1488|type2_reducted,type2_reducted
type2_508|type2_reducted,type2_reducted
type2_712|type2_reducted,type2_reducted
type2_362|type2_reducted,type2_reducted
type2_615|type2_reducted,type2_reducted
type2_1671|type2_reducted,type2_reducted
type2_127|type2_reducted,type2_reducted
type2_39|type2_reducted,type4_reducted
type2_1298|type2_reducted,type2_reducted
type2_1373|type2_reducted,type2_reducted
type2_325|type2_reducted,type4_reducted
type2_450|type2_reducted,type2_reducted
type2_1233|type2_reducted,type2_reducted
type2_1375|type2_reducted,type2_reducted
type2_1303|type2_reducted,type2_reducted
type2_1644|type2_reducted,type2_reducted
type2_1503|type2_reducted,type2_reducted
type2_941|type2_reducted,type2_reducted
type2_991|type2_reducted,type2_reducted
type2_1441|type2_reducted,type2_reducted
type2_322|type2_reducted,type2_reducted
type2_425|type2_reducted,type2_reducted
type2_1078|type2_reducted,type2_reducted
type2_37|type2_reducted,type2_reducted
type2_692|type2_reducted,type2_reducted
type2_626|type2_reducted,type2_reducted
type2_200|type2_reducted,type2_reducted
type2_1719|type2_reducted,type2_reducted
type2_1231|type2_reducted,type2_reducted
type2_1626|type2_reducted,type2_reducted
type2_1447|type2_reducted,type2_reducted
type2_834|type2_reducted,type2_reducted
type2_1605|type2_reducted,type2_reducted
type2_611|type2_reducted,type2_reducted
type2_1179|type2_reducted,type4_reducted
type2_886|type2_reducted,type2_reducted
type2_829|type2_reducted,type2_reducted
type2_1071|type2_reducted,type4_reducted
type2_1385|type2_reducted,type2_reducted
type2_789|type2_reducted,type2_reducted
type2_683|type2_reducted,type2_reducted
type2_1481|type2_reducted,type2_reducted
type2_1177|type2_reducted,type2_reducted
type2_977|type2_reducted,type2_reducted
type2_867|type2_reducted,type2_reducted
type2_1660|type2_reducted,type2_reducted
type2_828|type2_reducted,type2_reducted
type2_1277|type2_reducted,type2_reducted
type2_1216|type2_reducted,type4_reducted
type2_1325|type2_reducted,type4_reducted
type2_913|type2_reducted,type4_reducted
type2_751|type2_reducted,type2_reducted
type2_1457|type2_reducted,type2_reducted
type2_493|type2_reducted,type2_reducted
type2_397|type2_reducted,type2_reducted
type2_1642|type2_reducted,type2_reducted
type2_1181|type2_reducted,type2_reducted
type2_430|type2_reducted,type2_reducted
type2_299|type2_reducted,type2_reducted
type2_479|type2_reducted,type2_reducted
type2_1190|type2_reducted,type4_reducted
type2_551|type2_reducted,type2_reducted
type2_530|type2_reducted,type2_reducted
type2_432|type2_reducted,type2_reducted
type2_1248|type2_reducted,type2_reducted
type2_1419|type2_reducted,type2_reducted
type2_293|type2_reducted,type2_reducted
type2_1479|type2_reducted,type2_reducted
type2_632|type2_reducted,type2_reducted
type2_1237|type2_reducted,type2_reducted
type2_1638|type2_reducted,type2_reducted
type2_948|type2_reducted,type2_reducted
type2_1732|type2_reducted,type2_reducted
type2_440|type2_reducted,type2_reducted
type2_776|type2_reducted,type2_reducted
type2_1243|type2_reducted,type2_reducted
type2_695|type2_reducted,type2_reducted
type2_1052|type2_reducted,type2_reducted
type2_1487|type2_reducted,type2_reducted
type2_155|type2_reducted,type2_reducted
type2_1132|type2_reducted,type2_reducted
type2_240|type2_reducted,type2_reducted
type2_409|type2_reducted,type2_reducted
type2_290|type2_reducted,type2_reducted
type2_659|type2_reducted,type2_reducted
type2_966|type2_reducted,type2_reducted
type2_812|type2_reducted,type4_reducted
type2_102|type2_reducted,type2_reducted
type2_7|type2_reducted,type2_reducted
type2_951|type2_reducted,type2_reducted
type2_1547|type2_reducted,type2_reducted
type2_132|type2_reducted,type2_reducted
type2_1701|type2_reducted,type2_reducted
type2_667|type2_reducted,type2_reducted
type2_383|type2_reducted,type2_reducted
type2_837|type2_reducted,type2_reducted
type2_1060|type2_reducted,type2_reducted
type2_131|type2_reducted,type2_reducted
type2_194|type2_reducted,type2_reducted
type2_1651|type2_reducted,type2_reducted
type2_333|type2_reducted,type2_reducted
type2_98|type2_reducted,type2_reducted
type2_1656|type2_reducted,type2_reducted
type2_1210|type2_reducted,type2_reducted
type2_750|type2_reducted,type2_reducted
type2_972|type2_reducted,type2_reducted
type2_6|type2_reducted,type2_reducted
type2_33|type2_reducted,type2_reducted
type2_458|type2_reducted,type2_reducted
type2_1468|type2_reducted,type2_reducted
type2_384|type2_reducted,type2_reducted
type2_1246|type2_reducted,type2_reducted
type2_612|type2_reducted,type2_reducted
type2_748|type2_reducted,type2_reducted
type2_1095|type2_reducted,type2_reducted
type2_1387|type2_reducted,type2_reducted
type2_660|type2_reducted,type2_reducted
type2_1721|type2_reducted,type2_reducted
type2_1126|type2_reducted,type2_reducted
type2_1143|type2_reducted,type2_reducted
type2_1183|type2_reducted,type2_reducted
type2_857|type2_reducted,type2_reducted
type2_1435|type2_reducted,type2_reducted
type2_609|type2_reducted,type2_reducted
type2_1611|type2_reducted,type2_reducted
type2_68|type2_reducted,type2_reducted
type2_1292|type2_reducted,type2_reducted
type2_669|type2_reducted,type2_reducted
type2_1737|type2_reducted,type2_reducted
type2_1436|type2_reducted,type4_reducted
type2_439|type2_reducted,type2_reducted
type2_245|type2_reducted,type2_reducted
type2_1151|type2_reducted,type2_reducted
type2_1097|type2_reducted,type2_reducted
type2_664|type2_reducted,type2_reducted
type2_1432|type2_reducted,type2_reducted
type2_204|type2_reducted,type4_reducted
type2_1002|type2_reducted,type2_reducted
type2_352|type2_reducted,type2_reducted
type2_713|type2_reducted,type2_reducted
type2_1450|type2_reducted,type2_reducted
type2_104|type2_reducted,type2_reducted
type2_602|type2_reducted,type2_reducted
type2_1604|type2_reducted,type2_reducted
type2_1302|type2_reducted,type2_reducted
type2_634|type2_reducted,type2_reducted
type2_691|type2_reducted,type2_reducted
type2_703|type2_reducted,type2_reducted
type2_229|type2_reducted,type2_reducted
type2_583|type2_reducted,type2_reducted
type2_1407|type2_reducted,type2_reducted
type2_813|type2_reducted,type2_reducted
type2_897|type2_reducted,type4_reducted
type2_1129|type2_reducted,type2_reducted
type2_1042|type2_reducted,type2_reducted
type2_686|type2_reducted,type2_reducted
type2_279|type2_reducted,type2_reducted
type2_877|type2_reducted,type2_reducted
type2_1307|type2_reducted,type2_reducted
type2_1212|type2_reducted,type4_reducted
type2_134|type2_reducted,type2_reducted
type2_1433|type2_reducted,type2_reducted
type2_1650|type2_reducted,type2_reducted
type2_1368|type2_reducted,type2_reducted
type2_1196|type2_reducted,type4_reducted
type2_1352|type2_reducted,type2_reducted
type2_61|type2_reducted,type2_reducted
type2_1474|type2_reducted,type2_reducted
type2_900|type2_reducted,type2_reducted
type2_1268|type2_reducted,type2_reducted
type2_782|type2_reducted,type2_reducted
type2_1036|type2_reducted,type2_reducted
type2_460|type2_reducted,type2_reducted
type2_168|type2_reducted,type2_reducted
type2_1370|type2_reducted,type2_reducted
type2_964|type2_reducted,type2_reducted
type2_1637|type2_reducted,type2_reducted
type2_1501|type2_reducted,type2_reducted
type2_652|type2_reducted,type2_reducted
type2_1340|type2_reducted,type2_reducted
type2_804|type2_reducted,type2_reducted
type2_504|type2_reducted,type2_reducted
type2_368|type2_reducted,type2_reducted
type2_1221|type2_reducted,type4_reducted
type2_45|type2_reducted,type2_reducted
type2_1496|type2_reducted,type2_reducted
type2_263|type2_reducted,type2_reducted
type2_58|type2_reducted,type2_reducted
type2_715|type2_reducted,type2_reducted
type2_788|type2_reducted,type2_reducted
type2_666|type2_reducted,type2_reducted
type2_1115|type2_reducted,type2_reducted
type2_123|type2_reducted,type2_reducted
type2_1430|type2_reducted,type2_reducted
type2_727|type2_reducted,type2_reducted
type2_1727|type2_reducted,type2_reducted
type2_1592|type2_reducted,type2_reducted
type2_548|type2_reducted,type2_reducted
type2_412|type2_reducted,type2_reducted
type2_1085|type2_reducted,type2_reducted
type2_203|type2_reducted,type4_reducted
type2_1107|type2_reducted,type4_reducted
type2_599|type2_reducted,type2_reducted
type2_60|type2_reducted,type2_reducted
type2_993|type2_reducted,type2_reducted
type2_1722|type2_reducted,type2_reducted
type2_30|type2_reducted,type2_reducted
type2_891|type2_reducted,type2_reducted
type2_534|type2_reducted,type2_reducted
type2_678|type2_reducted,type2_reducted
type2_1394|type2_reducted,type2_reducted
type2_223|type2_reducted,type4_reducted
type2_842|type2_reducted,type2_reducted
type2_769|type2_reducted,type2_reducted
type2_1631|type2_reducted,type2_reducted
type2_753|type2_reducted,type2_reducted
type2_413|type2_reducted,type2_reducted
type2_1167|type2_reducted,type2_reducted
type2_166|type2_reducted,type2_reducted
type2_830|type2_reducted,type2_reducted
type2_470|type2_reducted,type2_reducted
type2_20|type2_reducted,type2_reducted
type2_1089|type2_reducted,type2_reducted
type2_1023|type2_reducted,type2_reducted
type2_928|type2_reducted,type2_reducted
type2_1134|type2_reducted,type2_reducted
type2_576|type2_reducted,type2_reducted
type2_1347|type2_reducted,type4_reducted
type2_1746|type2_reducted,type2_reducted
type2_1077|type2_reducted,type2_reducted
type2_81|type2_reducted,type2_reducted
type2_1184|type2_reducted,type2_reducted
type2_1257|type2_reducted,type2_reducted
type2_864|type2_reducted,type2_reducted
type2_466|type2_reducted,type2_reducted
type2_809|type2_reducted,type2_reducted
type2_847|type2_reducted,type4_reducted
type2_517|type2_reducted,type2_reducted
type2_682|type2_reducted,type2_reducted
type2_629|type2_reducted,type2_reducted
type2_1428|type2_reducted,type2_reducted
type2_410|type2_reducted,type2_reducted
type2_910|type2_reducted,type4_reducted
type2_354|type2_reducted,type2_reducted
type2_363|type2_reducted,type2_reducted
type2_1641|type2_reducted,type2_reducted
type2_292|type2_reducted,type2_reducted
type2_1111|type2_reducted,type2_reducted
type2_1098|type2_reducted,type2_reducted
type2_220|type2_reducted,type4_reducted
type2_233|type2_reducted,type2_reducted
type2_950|type2_reducted,type2_reducted
type2_1526|type2_reducted,type2_reducted
type2_381|type2_reducted,type2_reducted
type2_1620|type2_reducted,type2_reducted
type2_64|type2_reducted,type4_reducted
type2_1369|type2_reducted,type2_reducted
type2_1350|type2_reducted,type2_reducted
type2_1747|type2_reducted,type2_reducted
type2_367|type2_reducted,type2_reducted
type2_11|type2_reducted,type2_reducted
type2_29|type2_reducted,type2_reducted
type2_1748|type2_reducted,type2_reducted
type2_952|type2_reducted,type2_reducted
type2_927|type2_reducted,type2_reducted
type2_1416|type2_reducted,type2_reducted
type2_1717|type2_reducted,type2_reducted
type2_244|type2_reducted,type2_reducted
type2_99|type2_reducted,type2_reducted
type2_427|type2_reducted,type2_reducted
type2_171|type2_reducted,type2_reducted
type2_441|type2_reducted,type2_reducted
type2_581|type2_reducted,type4_reducted
type2_1507|type2_reducted,type2_reducted
type2_1328|type2_reducted,type2_reducted
type2_451|type2_reducted,type2_reducted
type2_781|type2_reducted,type2_reducted
type2_186|type2_reducted,type2_reducted
type2_1308|type2_reducted,type2_reducted
type2_111|type2_reducted,type4_reducted
type2_280|type2_reducted,type2_reducted
type2_25|type2_reducted,type2_reducted
type2_371|type2_reducted,type2_reducted
type2_1220|type2_reducted,type2_reducted
type2_444|type2_reducted,type2_reducted
type2_302|type2_reducted,type2_reducted
type2_133|type2_reducted,type2_reducted
type2_88|type2_reducted,type2_reducted
type2_523|type2_reducted,type2_reducted
type2_815|type2_reducted,type2_reducted
type2_1154|type2_reducted,type2_reducted
type2_222|type2_reducted,type4_reducted
type2_1321|type2_reducted,type2_reducted
type2_10|type2_reducted,type2_reducted
type2_938|type2_reducted,type2_reducted
type2_1311|type2_reducted,type2_reducted
type2_774|type2_reducted,type2_reducted
type2_742|type2_reducted,type2_reducted
type2_522|type2_reducted,type2_reducted
type2_1745|type2_reducted,type2_reducted
type2_462|type2_reducted,type2_reducted
type2_986|type2_reducted,type2_reducted
type2_198|type2_reducted,type2_reducted
type2_1138|type2_reducted,type2_reducted
type2_182|type2_reducted,type2_reducted
type2_498|type2_reducted,type2_reducted
type2_1256|type2_reducted,type2_reducted
type2_1482|type2_reducted,type2_reducted
type2_1064|type2_reducted,type4_reducted
type2_1142|type2_reducted,type2_reducted
type2_1617|type2_reducted,type2_reducted
type2_1205|type2_reducted,type4_reducted
type2_1527|type2_reducted,type2_reducted
type2_1548|type2_reducted,type2_reducted
type2_8|type2_reducted,type2_reducted
type2_718|type2_reducted,type2_reducted
type2_860|type2_reducted,type2_reducted
type2_571|type2_reducted,type2_reducted
type2_288|type2_reducted,type2_reducted
type2_503|type2_reducted,type2_reducted
type2_402|type2_reducted,type2_reducted
type2_859|type2_reducted,type2_reducted
type2_1670|type2_reducted,type2_reducted
type2_1351|type2_reducted,type2_reducted
type2_1693|type2_reducted,type2_reducted
type2_957|type2_reducted,type4_reducted
type2_1522|type2_reducted,type2_reducted
type2_276|type2_reducted,type2_reducted
type2_902|type2_reducted,type4_reducted
type2_1486|type2_reducted,type2_reducted
type2_178|type2_reducted,type2_reducted
type2_144|type2_reducted,type2_reducted
type2_689|type2_reducted,type2_reducted
type2_1750|type2_reducted,type2_reducted
type2_486|type2_reducted,type2_reducted
type2_1713|type2_reducted,type2_reducted
type2_1079|type2_reducted,type2_reducted
type2_861|type2_reducted,type2_reducted
type2_1009|type2_reducted,type2_reducted
type2_42|type2_reducted,type2_reducted
type2_1150|type2_reducted,type2_reducted
type2_1276|type2_reducted,type2_reducted
type2_1083|type2_reducted,type2_reducted
type2_1460|type2_reducted,type2_reducted
type2_535|type2_reducted,type2_reducted
type2_298|type2_reducted,type2_reducted
type2_680|type2_reducted,type2_reducted
type2_688|type2_reducted,type2_reducted
type2_1516|type2_reducted,type2_reducted
type2_337|type2_reducted,type4_reducted
type2_1541|type2_reducted,type2_reducted
type2_1724|type2_reducted,type2_reducted
type2_259|type2_reducted,type2_reducted
type2_1448|type2_reducted,type2_reducted
type2_1287|type2_reducted,type2_reducted
type2_287|type2_reducted,type2_reducted
type2_273|type2_reducted,type2_reducted
type2_999|type2_reducted,type2_reducted
type2_1232|type2_reducted,type2_reducted
type2_846|type2_reducted,type2_reducted
type2_328|type2_reducted,type2_reducted
type2_22|type2_reducted,type2_reducted
type2_510|type2_reducted,type2_reducted
type2_1599|type2_reducted,type2_reducted
type2_1223|type2_reducted,type4_reducted
type2_426|type2_reducted,type2_reducted
type2_315|type2_reducted,type2_reducted
type2_105|type2_reducted,type2_reducted
type2_965|type2_reducted,type2_reducted
type2_1635|type2_reducted,type2_reducted
type2_974|type2_reducted,type2_reducted
type2_621|type2_reducted,type2_reducted
type2_162|type2_reducted,type2_reducted
type2_1562|type2_reducted,type2_reducted
type2_500|type2_reducted,type2_reducted
type2_1365|type2_reducted,type2_reducted
type2_467|type2_reducted,type4_reducted
type2_1451|type2_reducted,type2_reducted
type2_188|type2_reducted,type2_reducted
type2_998|type2_reducted,type2_reducted
type2_329|type2_reducted,type2_reducted
type2_482|type2_reducted,type2_reducted
type2_985|type2_reducted,type2_reducted
type2_1146|type2_reducted,type2_reducted
type2_1610|type2_reducted,type2_reducted
type2_428|type2_reducted,type2_reducted
type2_1285|type2_reducted,type4_reducted
type2_1316|type2_reducted,type2_reducted
type2_605|type2_reducted,type2_reducted
type2_1685|type2_reducted,type4_reducted
type2_1114|type2_reducted,type2_reducted
type2_465|type2_reducted,type2_reducted
type2_1580|type2_reducted,type2_reducted
type2_496|type2_reducted,type2_reducted
type2_1716|type2_reducted,type2_reducted
type2_1291|type2_reducted,type2_reducted
type2_704|type2_reducted,type2_reducted
type2_1|type2_reducted,type2_reducted
type2_1601|type2_reducted,type2_reducted
type2_235|type2_reducted,type2_reducted
type2_1618|type2_reducted,type2_reducted
type2_1118|type2_reducted,type2_reducted
type2_726|type2_reducted,type2_reducted
type2_207|type2_reducted,type2_reducted
type2_217|type2_reducted,type2_reducted
type2_1469|type2_reducted,type2_reducted
type2_35|type2_reducted,type2_reducted
type2_1035|type2_reducted,type2_reducted
type2_635|type2_reducted,type2_reducted
type2_852|type2_reducted,type4_reducted
type2_145|type2_reducted,type2_reducted
type2_1415|type2_reducted,type2_reducted
type2_1402|type2_reducted,type2_reducted
type2_120|type2_reducted,type2_reducted
type2_34|type2_reducted,type2_reducted
type2_1198|type2_reducted,type2_reducted
type2_1213|type2_reducted,type4_reducted
type2_1317|type2_reducted,type2_reducted
type2_1240|type2_reducted,type2_reducted
type2_665|type2_reducted,type2_reducted
type2_1354|type2_reducted,type2_reducted
type2_716|type2_reducted,type2_reducted
type2_1027|type2_reducted,type2_reducted
type2_1043|type2_reducted,type4_reducted
type2_210|type2_reducted,type2_reducted
type2_1684|type2_reducted,type2_reducted
type2_385|type2_reducted,type2_reducted
type2_588|type2_reducted,type2_reducted
type2_300|type2_reducted,type2_reducted
type2_1540|type2_reducted,type2_reducted
type2_730|type2_reducted,type2_reducted
type2_1663|type2_reducted,type2_reducted
type2_1398|type2_reducted,type2_reducted
type2_75|type2_reducted,type2_reducted
type2_78|type2_reducted,type2_reducted
type2_435|type2_reducted,type2_reducted
type2_1250|type2_reducted,type2_reducted
type2_1159|type2_reducted,type2_reducted
type2_209|type2_reducted,type2_reducted
type2_1404|type2_reducted,type2_reducted
type2_214|type2_reducted,type2_reducted
type2_1591|type2_reducted,type2_reducted
type2_1055|type2_reducted,type4_reducted
type2_1003|type2_reducted,type2_reducted
type2_501|type2_reducted,type4_reducted
type2_1185|type2_reducted,type2_reducted
type2_1366|type2_reducted,type2_reducted
type2_459|type2_reducted,type2_reducted
type2_855|type2_reducted,type2_reducted
type2_334|type2_reducted,type2_reducted
type2_866|type2_reducted,type2_reducted
type2_656|type2_reducted,type2_reducted
type2_63|type2_reducted,type4_reducted
type2_349|type2_reducted,type2_reducted
type2_358|type2_reducted,type2_reducted
type2_1358|type2_reducted,type2_reducted
type2_1621|type2_reducted,type2_reducted
type2_794|type2_reducted,type2_reducted
type2_92|type2_reducted,type2_reducted
type2_227|type2_reducted,type2_reducted
type2_929|type2_reducted,type2_reducted
type2_1113|type2_reducted,type2_reducted
type2_1192|type2_reducted,type4_reducted
type2_1585|type2_reducted,type2_reducted
type2_1625|type2_reducted,type2_reducted
type2_66|type2_reducted,type2_reducted
type2_324|type2_reducted,type2_reducted
type2_1584|type2_reducted,type2_reducted
type2_18|type2_reducted,type2_reducted
type2_1499|type2_reducted,type2_reducted
type2_161|type2_reducted,type2_reducted
type2_961|type2_reducted,type2_reducted
type2_491|type2_reducted,type2_reducted
type2_780|type2_reducted,type2_reducted
type2_361|type2_reducted,type2_reducted
type2_1084|type2_reducted,type4_reducted
type2_1403|type2_reducted,type2_reducted
type2_160|type2_reducted,type2_reducted
type2_971|type2_reducted,type2_reducted
type2_673|type2_reducted,type2_reducted
type2_1208|type2_reducted,type2_reducted
type2_1733|type2_reducted,type2_reducted
type2_16|type2_reducted,type2_reducted
type2_1475|type2_reducted,type2_reducted
type2_709|type2_reducted,type2_reducted
type2_890|type2_reducted,type2_reducted
type2_1614|type2_reducted,type2_reducted
type2_1199|type2_reducted,type2_reducted
type2_1341|type2_reducted,type2_reducted
type2_741|type2_reducted,type2_reducted
type2_662|type2_reducted,type2_reducted
type2_1149|type2_reducted,type2_reducted
type2_1654|type2_reducted,type2_reducted
type2_1274|type2_reducted,type2_reducted
type2_112|type2_reducted,type4_reducted
type2_644|type2_reducted,type2_reducted
type2_1461|type2_reducted,type2_reducted
type2_819|type2_reducted,type2_reducted
type2_603|type2_reducted,type2_reducted
type2_657|type2_reducted,type2_reducted
type2_478|type2_reducted,type2_reducted
type2_1396|type2_reducted,type2_reducted
type2_1519|type2_reducted,type2_reducted
type2_1563|type2_reducted,type2_reducted
type2_755|type2_reducted,type2_reducted
type2_557|type2_reducted,type2_reducted
type2_1207|type2_reducted,type2_reducted
type2_1462|type2_reducted,type2_reducted
type2_747|type2_reducted,type2_reducted
type2_1645|type2_reducted,type2_reducted
type2_150|type2_reducted,type2_reducted
type2_1535|type2_reducted,type2_reducted
type2_1300|type2_reducted,type2_reducted
type2_1443|type2_reducted,type2_reducted
type2_740|type2_reducted,type2_reducted
type2_90|type2_reducted,type2_reducted
type2_1144|type2_reducted,type2_reducted
type2_411|type2_reducted,type2_reducted
type3_158|type3_reducted,type4_reducted
type3_147|type3_reducted,type4_reducted
type3_477|type3_reducted,type4_reducted
type3_1069|type3_reducted,type4_reducted
type3_861|type3_reducted,type4_reducted
type3_1155|type3_reducted,type2_reducted
type3_120|type3_reducted,type4_reducted
type3_152|type3_reducted,type4_reducted
type3_64|type3_reducted,type4_reducted
type3_678|type3_reducted,type4_reducted
type3_800|type3_reducted,type4_reducted
type3_587|type3_reducted,type4_reducted
type3_586|type3_reducted,type4_reducted
type3_1210|type3_reducted,type4_reducted
type3_622|type3_reducted,type4_reducted
type3_1177|type3_reducted,type4_reducted
type3_834|type3_reducted,type4_reducted
type3_667|type3_reducted,type4_reducted
type3_199|type3_reducted,type4_reducted
type3_980|type3_reducted,type4_reducted
type3_657|type3_reducted,type4_reducted
type3_1202|type3_reducted,type4_reducted
type3_660|type3_reducted,type4_reducted
type3_136|type3_reducted,type4_reducted
type3_493|type3_reducted,type4_reducted
type3_1169|type3_reducted,type4_reducted
type3_807|type3_reducted,type4_reducted
type3_594|type3_reducted,type4_reducted
type3_897|type3_reducted,type4_reducted
type3_483|type3_reducted,type4_reducted
type3_11|type3_reducted,type4_reducted
type3_1067|type3_reducted,type4_reducted
type3_135|type3_reducted,type4_reducted
type3_166|type3_reducted,type4_reducted
type3_1003|type3_reducted,type4_reducted
type3_128|type3_reducted,type4_reducted
type3_323|type3_reducted,type4_reducted
type3_712|type3_reducted,type4_reducted
type3_1062|type3_reducted,type4_reducted
type3_983|type3_reducted,type4_reducted
type3_374|type3_reducted,type4_reducted
type3_990|type3_reducted,type4_reducted
type3_1098|type3_reducted,type4_reducted
type3_29|type3_reducted,type4_reducted
type3_375|type3_reducted,type4_reducted
type3_438|type3_reducted,type4_reducted
type3_179|type3_reducted,type4_reducted
type3_1|type3_reducted,type4_reducted
type3_576|type3_reducted,type4_reducted
type3_1227|type3_reducted,type4_reducted
type3_1192|type3_reducted,type4_reducted
type3_1246|type3_reducted,type4_reducted
type3_740|type3_reducted,type4_reducted
type3_149|type3_reducted,type4_reducted
type3_962|type3_reducted,type4_reducted
type3_927|type3_reducted,type4_reducted
type3_322|type3_reducted,type4_reducted
type3_203|type3_reducted,type4_reducted
type3_1165|type3_reducted,type4_reducted
type3_1044|type3_reducted,type4_reducted
type3_599|type3_reducted,type4_reducted
type3_694|type3_reducted,type4_reducted
type3_1111|type3_reducted,type4_reducted
type3_55|type3_reducted,type4_reducted
type3_236|type3_reducted,type4_reducted
type3_1035|type3_reducted,type4_reducted
type3_1248|type3_reducted,type4_reducted
type3_296|type3_reducted,type4_reducted
type3_856|type3_reducted,type4_reducted
type3_384|type3_reducted,type4_reducted
type3_777|type3_reducted,type4_reducted
type3_959|type3_reducted,type4_reducted
type3_910|type3_reducted,type4_reducted
type3_1089|type3_reducted,type4_reducted
type3_492|type3_reducted,type4_reducted
type3_1258|type3_reducted,type4_reducted
type3_468|type3_reducted,type4_reducted
type3_1096|type3_reducted,type4_reducted
type3_1180|type3_reducted,type4_reducted
type3_1083|type3_reducted,type4_reducted
type3_1072|type3_reducted,type4_reducted
type3_724|type3_reducted,type4_reducted
type3_297|type3_reducted,type4_reducted
type3_234|type3_reducted,type4_reducted
type3_1139|type3_reducted,type4_reducted
type3_182|type3_reducted,type2_reducted
type3_1243|type3_reducted,type4_reducted
type3_107|type3_reducted,type4_reducted
type3_765|type3_reducted,type4_reducted
type3_876|type3_reducted,type4_reducted
type3_1094|type3_reducted,type4_reducted
type3_824|type3_reducted,type4_reducted
type3_532|type3_reducted,type4_reducted
type3_207|type3_reducted,type4_reducted
type3_369|type3_reducted,type4_reducted
type3_918|type3_reducted,type4_reducted
type3_736|type3_reducted,type4_reducted
type3_1023|type3_reducted,type4_reducted
type3_485|type3_reducted,type4_reducted
type3_1164|type3_reducted,type4_reducted
type3_1020|type3_reducted,type4_reducted
type3_334|type3_reducted,type4_reducted
type3_705|type3_reducted,type4_reducted
type3_1206|type3_reducted,type4_reducted
type3_806|type3_reducted,type4_reducted
type3_193|type3_reducted,type4_reducted
type3_73|type3_reducted,type4_reducted
type3_890|type3_reducted,type4_reducted
type3_40|type3_reducted,type4_reducted
type3_1211|type3_reducted,type4_reducted
type3_913|type3_reducted,type4_reducted
type3_677|type3_reducted,type4_reducted
type3_309|type3_reducted,type4_reducted
type3_731|type3_reducted,type4_reducted
type3_370|type3_reducted,type4_reducted
type3_894|type3_reducted,type4_reducted
type3_7|type3_reducted,type4_reducted
type3_496|type3_reducted,type4_reducted
type3_1133|type3_reducted,type4_reducted
type3_1260|type3_reducted,type4_reducted
type3_526|type3_reducted,type4_reducted
type3_59|type3_reducted,type4_reducted
type3_936|type3_reducted,type4_reducted
type3_558|type3_reducted,type4_reducted
type3_1032|type3_reducted,type4_reducted
type3_923|type3_reducted,type4_reducted
type3_62|type3_reducted,type4_reducted
type3_864|type3_reducted,type4_reducted
type3_260|type3_reducted,type4_reducted
type3_965|type3_reducted,type4_reducted
type3_842|type3_reducted,type4_reducted
type3_675|type3_reducted,type4_reducted
type3_948|type3_reducted,type4_reducted
type3_726|type3_reducted,type4_reducted
type3_110|type3_reducted,type4_reducted
type3_1033|type3_reducted,type4_reducted
type3_1221|type3_reducted,type4_reducted
type3_1149|type3_reducted,type4_reducted
type3_817|type3_reducted,type4_reducted
type3_398|type3_reducted,type4_reducted
type3_673|type3_reducted,type4_reducted
type3_858|type3_reducted,type4_reducted
type3_357|type3_reducted,type4_reducted
type3_298|type3_reducted,type4_reducted
type3_432|type3_reducted,type4_reducted
type3_376|type3_reducted,type4_reducted
type3_143|type3_reducted,type4_reducted
type3_720|type3_reducted,type4_reducted
type3_258|type3_reducted,type4_reducted
type3_150|type3_reducted,type4_reducted
type3_656|type3_reducted,type4_reducted
type3_906|type3_reducted,type4_reducted
type3_9|type3_reducted,type4_reducted
type3_13|type3_reducted,type4_reducted
type3_479|type3_reducted,type4_reducted
type3_595|type3_reducted,type4_reducted
type3_501|type3_reducted,type4_reducted
type3_1199|type3_reducted,type4_reducted
type3_243|type3_reducted,type4_reducted
type3_1120|type3_reducted,type4_reducted
type3_290|type3_reducted,type4_reducted
type3_735|type3_reducted,type4_reducted
type3_814|type3_reducted,type4_reducted
type3_631|type3_reducted,type4_reducted
type3_939|type3_reducted,type4_reducted
type3_619|type3_reducted,type4_reducted
type3_880|type3_reducted,type4_reducted
type3_187|type3_reducted,type4_reducted
type3_664|type3_reducted,type4_reducted
type3_870|type3_reducted,type4_reducted
type3_628|type3_reducted,type4_reducted
type3_1269|type3_reducted,type4_reducted
type3_881|type3_reducted,type4_reducted
type3_222|type3_reducted,type4_reducted
type3_634|type3_reducted,type4_reducted
type3_121|type3_reducted,type4_reducted
type3_640|type3_reducted,type4_reducted
type3_487|type3_reducted,type4_reducted
type3_1158|type3_reducted,type4_reducted
type3_1167|type3_reducted,type4_reducted
type3_87|type3_reducted,type4_reducted
type3_949|type3_reducted,type4_reducted
type3_742|type3_reducted,type4_reducted
type3_585|type3_reducted,type4_reducted
type3_499|type3_reducted,type4_reducted
type3_424|type3_reducted,type4_reducted
type3_525|type3_reducted,type4_reducted
type3_418|type3_reducted,type4_reducted
type3_407|type3_reducted,type4_reducted
type3_217|type3_reducted,type4_reducted
type3_408|type3_reducted,type4_reducted
type3_718|type3_reducted,type4_reducted
type3_831|type3_reducted,type4_reducted
type3_679|type3_reducted,type4_reducted
type3_1256|type3_reducted,type4_reducted
type3_1239|type3_reducted,type2_reducted
type3_873|type3_reducted,type4_reducted
type3_530|type3_reducted,type4_reducted
type3_865|type3_reducted,type4_reducted
type3_1188|type3_reducted,type4_reducted
type3_674|type3_reducted,type4_reducted
type3_238|type3_reducted,type4_reducted
type3_345|type3_reducted,type4_reducted
type3_266|type3_reducted,type4_reducted
type3_1024|type3_reducted,type4_reducted
type3_117|type3_reducted,type4_reducted
type3_838|type3_reducted,type4_reducted
type3_379|type3_reducted,type4_reducted
type3_201|type3_reducted,type4_reducted
type3_500|type3_reducted,type4_reducted
type3_277|type3_reducted,type4_reducted
type3_221|type3_reducted,type4_reducted
type3_5|type3_reducted,type4_reducted
type3_812|type3_reducted,type4_reducted
type3_310|type3_reducted,type4_reducted
type3_690|type3_reducted,type4_reducted
type3_412|type3_reducted,type4_reducted
type3_764|type3_reducted,type4_reducted
type3_1186|type3_reducted,type4_reducted
type3_246|type3_reducted,type4_reducted
type3_321|type3_reducted,type4_reducted
type3_510|type3_reducted,type4_reducted
type3_14|type3_reducted,type4_reducted
type3_102|type3_reducted,type4_reducted
type3_701|type3_reducted,type4_reducted
type3_1144|type3_reducted,type4_reducted
type3_1141|type3_reducted,type4_reducted
type3_437|type3_reducted,type4_reducted
type3_898|type3_reducted,type4_reducted
type3_165|type3_reducted,type4_reducted
type3_1063|type3_reducted,type4_reducted
type3_843|type3_reducted,type4_reducted
type3_691|type3_reducted,type4_reducted
type3_1110|type3_reducted,type4_reducted
type3_230|type3_reducted,type4_reducted
type3_488|type3_reducted,type4_reducted
type3_636|type3_reducted,type4_reducted
type3_1170|type3_reducted,type4_reducted
type3_671|type3_reducted,type4_reducted
type3_867|type3_reducted,type4_reducted
type3_444|type3_reducted,type4_reducted
type3_836|type3_reducted,type4_reducted
type3_410|type3_reducted,type4_reducted
type3_654|type3_reducted,type4_reducted
type3_276|type3_reducted,type4_reducted
type3_1134|type3_reducted,type2_reducted
type3_757|type3_reducted,type4_reducted
type3_546|type3_reducted,type4_reducted
type3_883|type3_reducted,type4_reducted
type3_343|type3_reducted,type4_reducted
type3_42|type3_reducted,type4_reducted
type3_212|type3_reducted,type4_reducted
type3_1021|type3_reducted,type4_reducted
type3_1065|type3_reducted,type4_reducted
type3_1174|type3_reducted,type4_reducted
type3_1147|type3_reducted,type4_reducted
type3_269|type3_reducted,type4_reducted
type3_480|type3_reducted,type4_reducted
type3_950|type3_reducted,type4_reducted
type3_1231|type3_reducted,type4_reducted
type3_886|type3_reducted,type4_reducted
type3_235|type3_reducted,type4_reducted
type3_921|type3_reducted,type4_reducted
type3_467|type3_reducted,type4_reducted
type3_973|type3_reducted,type4_reducted
type3_803|type3_reducted,type4_reducted
type3_672|type3_reducted,type4_reducted
type3_48|type3_reducted,type4_reducted
type3_787|type3_reducted,type4_reducted
type3_508|type3_reducted,type4_reducted
type3_1150|type3_reducted,type4_reducted
type3_1022|type3_reducted,type4_reducted
type3_971|type3_reducted,type4_reducted
type3_1249|type3_reducted,type4_reducted
type3_901|type3_reducted,type4_reducted
type3_1168|type3_reducted,type4_reducted
type3_577|type3_reducted,type4_reducted
type3_1219|type3_reducted,type4_reducted
type3_1242|type3_reducted,type4_reducted
type3_682|type3_reducted,type4_reducted
type3_99|type3_reducted,type4_reducted
type3_75|type3_reducted,type4_reducted
type3_231|type3_reducted,type4_reducted
type3_124|type3_reducted,type4_reducted
type3_769|type3_reducted,type4_reducted
type3_871|type3_reducted,type4_reducted
type3_1247|type3_reducted,type4_reducted
type3_668|type3_reducted,type4_reducted
type3_54|type3_reducted,type4_reducted
type3_1194|type3_reducted,type4_reducted
type3_853|type3_reducted,type4_reducted
type3_1159|type3_reducted,type4_reducted
type3_125|type3_reducted,type4_reducted
type3_562|type3_reducted,type4_reducted
type3_561|type3_reducted,type4_reducted
type3_719|type3_reducted,type4_reducted
type3_513|type3_reducted,type4_reducted
type3_953|type3_reducted,type4_reducted
type3_1109|type3_reducted,type4_reducted
type3_366|type3_reducted,type4_reducted
type3_315|type3_reducted,type4_reducted
type3_1016|type3_reducted,type4_reducted
type3_83|type3_reducted,type4_reducted
type3_1126|type3_reducted,type4_reducted
type3_979|type3_reducted,type4_reducted
type3_548|type3_reducted,type4_reducted
type3_328|type3_reducted,type4_reducted
type3_571|type3_reducted,type4_reducted
type3_991|type3_reducted,type4_reducted
type3_447|type3_reducted,type4_reducted
type3_51|type3_reducted,type4_reducted
type3_555|type3_reducted,type4_reducted
type3_394|type3_reducted,type4_reducted
type3_684|type3_reducted,type4_reducted
type3_687|type3_reducted,type4_reducted
type3_275|type3_reducted,type4_reducted
type3_772|type3_reducted,type4_reducted
type3_642|type3_reducted,type4_reducted
type3_159|type3_reducted,type4_reducted
type3_860|type3_reducted,type4_reducted
type3_875|type3_reducted,type4_reducted
type3_459|type3_reducted,type4_reducted
type3_1140|type3_reducted,type4_reducted
type3_282|type3_reducted,type4_reducted
type3_605|type3_reducted,type4_reducted
type3_911|type3_reducted,type4_reducted
type3_727|type3_reducted,type4_reducted
type3_572|type3_reducted,type4_reducted
type3_115|type3_reducted,type4_reducted
type3_189|type3_reducted,type4_reducted
type3_241|type3_reducted,type4_reducted
type3_892|type3_reducted,type4_reducted
type3_1079|type3_reducted,type4_reducted
type3_163|type3_reducted,type4_reducted
type3_255|type3_reducted,type4_reducted
type3_584|type3_reducted,type4_reducted
type3_419|type3_reducted,type4_reducted
type3_1051|type3_reducted,type4_reducted
type3_316|type3_reducted,type4_reducted
type3_344|type3_reducted,type4_reducted
type3_504|type3_reducted,type4_reducted
type3_184|type3_reducted,type4_reducted
type3_954|type3_reducted,type4_reducted
type3_809|type3_reducted,type4_reducted
type3_172|type3_reducted,type4_reducted
type3_1030|type3_reducted,type4_reducted
type3_17|type3_reducted,type4_reducted
type3_25|type3_reducted,type4_reducted
type3_770|type3_reducted,type4_reducted
type3_553|type3_reducted,type4_reducted
type3_748|type3_reducted,type4_reducted
type3_592|type3_reducted,type4_reducted
type3_689|type3_reducted,type4_reducted
type3_1245|type3_reducted,type4_reducted
type3_653|type3_reducted,type4_reducted
type3_651|type3_reducted,type4_reducted
type3_1052|type3_reducted,type4_reducted
type3_794|type3_reducted,type4_reducted
type3_156|type3_reducted,type4_reducted
type3_565|type3_reducted,type4_reducted
type3_265|type3_reducted,type4_reducted
type3_746|type3_reducted,type4_reducted
type3_1145|type3_reducted,type4_reducted
type3_650|type3_reducted,type4_reducted
type3_1205|type3_reducted,type4_reducted
type3_171|type3_reducted,type4_reducted
type3_1040|type3_reducted,type4_reducted
type3_30|type3_reducted,type4_reducted
type3_1101|type3_reducted,type4_reducted
type3_175|type3_reducted,type4_reducted
type3_844|type3_reducted,type4_reducted
type3_987|type3_reducted,type4_reducted
type3_37|type3_reducted,type4_reducted
type3_223|type3_reducted,type4_reducted
type3_623|type3_reducted,type4_reducted
type3_1267|type3_reducted,type4_reducted
type3_244|type3_reducted,type4_reducted
type3_878|type3_reducted,type4_reducted
type3_579|type3_reducted,type4_reducted
type3_138|type3_reducted,type4_reducted
type3_353|type3_reducted,type4_reducted
type3_464|type3_reducted,type4_reducted
type3_294|type3_reducted,type4_reducted
type3_335|type3_reducted,type4_reducted
type3_868|type3_reducted,type4_reducted
type3_76|type3_reducted,type4_reducted
type3_1190|type3_reducted,type4_reducted
type3_529|type3_reducted,type4_reducted
type3_49|type3_reducted,type4_reducted
type3_1136|type3_reducted,type4_reducted
type3_341|type3_reducted,type4_reducted
type3_560|type3_reducted,type4_reducted
type3_371|type3_reducted,type4_reducted
type3_104|type3_reducted,type4_reducted
type3_476|type3_reducted,type4_reducted
type3_1100|type3_reducted,type4_reducted
type3_666|type3_reducted,type4_reducted
type3_541|type3_reducted,type4_reducted
type3_302|type3_reducted,type4_reducted
type3_406|type3_reducted,type4_reducted
type3_593|type3_reducted,type4_reducted
type3_1152|type3_reducted,type4_reducted
type3_356|type3_reducted,type4_reducted
type3_607|type3_reducted,type4_reducted
type3_802|type3_reducted,type4_reducted
type3_385|type3_reducted,type4_reducted
type3_714|type3_reducted,type4_reducted
type3_773|type3_reducted,type4_reducted
type3_411|type3_reducted,type4_reducted
type3_202|type3_reducted,type4_reducted
type3_1254|type3_reducted,type4_reducted
type3_604|type3_reducted,type4_reducted
type3_893|type3_reducted,type4_reducted
type3_283|type3_reducted,type2_reducted
type3_285|type3_reducted,type4_reducted
type3_507|type3_reducted,type4_reducted
type3_38|type3_reducted,type4_reducted
type3_287|type3_reducted,type4_reducted
type3_1193|type3_reducted,type4_reducted
type3_88|type3_reducted,type4_reducted
type3_423|type3_reducted,type4_reducted
type3_183|type3_reducted,type4_reducted
type3_829|type3_reducted,type4_reducted
type3_789|type3_reducted,type4_reducted
type3_652|type3_reducted,type4_reducted
type3_219|type3_reducted,type4_reducted
type3_909|type3_reducted,type4_reducted
type3_358|type3_reducted,type4_reducted
type3_1216|type3_reducted,type4_reducted
type3_552|type3_reducted,type4_reducted
type3_1053|type3_reducted,type4_reducted
type3_857|type3_reducted,type4_reducted
type3_511|type3_reducted,type4_reducted
type3_1272|type3_reducted,type4_reducted
type3_937|type3_reducted,type4_reducted
type3_850|type3_reducted,type4_reducted
type3_247|type3_reducted,type4_reducted
type3_755|type3_reducted,type4_reducted
type3_167|type3_reducted,type4_reducted
type3_926|type3_reducted,type4_reducted
type3_688|type3_reducted,type4_reducted
type3_206|type3_reducted,type4_reducted
type3_721|type3_reducted,type4_reducted
type3_1000|type3_reducted,type4_reducted
type3_692|type3_reducted,type4_reducted
type3_311|type3_reducted,type4_reducted
type3_1166|type3_reducted,type4_reducted
type3_1054|type3_reducted,type4_reducted
type3_3|type3_reducted,type4_reducted
type3_904|type3_reducted,type4_reducted
type3_1025|type3_reducted,type4_reducted
type3_295|type3_reducted,type4_reducted
type3_463|type3_reducted,type4_reducted
type3_332|type3_reducted,type2_reducted
type3_933|type3_reducted,type4_reducted
type3_835|type3_reducted,type4_reducted
type3_535|type3_reducted,type4_reducted
type3_4|type3_reducted,type4_reducted
type3_192|type3_reducted,type4_reducted
type3_273|type3_reducted,type4_reducted
type3_21|type3_reducted,type4_reducted
type3_94|type3_reducted,type4_reducted
type3_63|type3_reducted,type4_reducted
type3_1235|type3_reducted,type4_reducted
type3_633|type3_reducted,type4_reducted
type3_1241|type3_reducted,type4_reducted
type3_1148|type3_reducted,type4_reducted
type3_566|type3_reducted,type4_reducted
type3_105|type3_reducted,type4_reducted
type3_251|type3_reducted,type4_reducted
type3_966|type3_reducted,type4_reducted
type3_741|type3_reducted,type4_reducted
type3_448|type3_reducted,type4_reducted
type3_249|type3_reducted,type4_reducted
type3_781|type3_reducted,type4_reducted
type3_420|type3_reducted,type4_reducted
type3_308|type3_reducted,type4_reducted
type3_1130|type3_reducted,type4_reducted
type3_1261|type3_reducted,type4_reducted
type3_141|type3_reducted,type4_reducted
type3_1017|type3_reducted,type4_reducted
type3_855|type3_reducted,type4_reducted
type3_67|type3_reducted,type4_reducted
type3_218|type3_reducted,type4_reducted
type3_749|type3_reducted,type4_reducted
type3_79|type3_reducted,type4_reducted
type3_470|type3_reducted,type4_reducted
type3_1268|type3_reducted,type4_reducted
type3_695|type3_reducted,type4_reducted
type3_796|type3_reducted,type4_reducted
type3_1106|type3_reducted,type4_reducted
type3_473|type3_reducted,type4_reducted
type3_383|type3_reducted,type4_reducted
type3_568|type3_reducted,type4_reducted
type3_355|type3_reducted,type4_reducted
type3_35|type3_reducted,type4_reducted
type3_938|type3_reducted,type4_reducted
type3_53|type3_reducted,type4_reducted
type3_494|type3_reducted,type4_reducted
type3_567|type3_reducted,type4_reducted
type3_109|type3_reducted,type4_reducted
type3_1234|type3_reducted,type4_reducted
type3_242|type3_reducted,type4_reducted
type3_82|type3_reducted,type4_reducted
type3_390|type3_reducted,type4_reducted
type3_481|type3_reducted,type4_reducted
type3_1074|type3_reducted,type4_reducted
type3_367|type3_reducted,type4_reducted
type3_970|type3_reducted,type4_reducted
type3_381|type3_reducted,type4_reducted
type3_95|type3_reducted,type4_reducted
type3_65|type3_reducted,type4_reducted
type3_591|type3_reducted,type4_reducted
type3_988|type3_reducted,type4_reducted
type3_274|type3_reducted,type4_reducted
type3_43|type3_reducted,type4_reducted
type3_549|type3_reducted,type4_reducted
type3_439|type3_reducted,type4_reducted
type3_743|type3_reducted,type4_reducted
type3_840|type3_reducted,type4_reducted
type3_140|type3_reducted,type4_reducted
type3_715|type3_reducted,type4_reducted
type3_676|type3_reducted,type4_reducted
type3_471|type3_reducted,type4_reducted
type3_1097|type3_reducted,type4_reducted
type3_952|type3_reducted,type4_reducted
type3_1090|type3_reducted,type4_reducted
type3_389|type3_reducted,type4_reducted
type3_23|type3_reducted,type4_reducted
type3_421|type3_reducted,type4_reducted
type3_417|type3_reducted,type4_reducted
type3_106|type3_reducted,type4_reducted
type3_1226|type3_reducted,type4_reducted
type3_415|type3_reducted,type4_reducted
type3_1262|type3_reducted,type4_reducted
type3_1099|type3_reducted,type4_reducted
type3_103|type3_reducted,type4_reducted
type3_228|type3_reducted,type4_reducted
type3_1060|type3_reducted,type4_reducted
type3_68|type3_reducted,type4_reducted
type3_472|type3_reducted,type4_reducted
type3_160|type3_reducted,type4_reducted
type3_693|type3_reducted,type4_reducted
type3_170|type3_reducted,type4_reducted
type3_663|type3_reducted,type4_reducted
type3_31|type3_reducted,type4_reducted
type3_827|type3_reducted,type4_reducted
type3_431|type3_reducted,type4_reducted
type3_1266|type3_reducted,type4_reducted
type3_1184|type3_reducted,type4_reducted
type3_80|type3_reducted,type4_reducted
type3_644|type3_reducted,type4_reducted
type3_1143|type3_reducted,type4_reducted
type3_1068|type3_reducted,type4_reducted
type3_972|type3_reducted,type4_reducted
type3_2|type3_reducted,type4_reducted
type3_982|type3_reducted,type4_reducted
type3_738|type3_reducted,type4_reducted
type3_1209|type3_reducted,type4_reducted
type3_1059|type3_reducted,type4_reducted
type3_550|type3_reducted,type4_reducted
type3_443|type3_reducted,type4_reducted
type3_574|type3_reducted,type4_reducted
type3_60|type3_reducted,type4_reducted
type3_922|type3_reducted,type4_reducted
type3_928|type3_reducted,type4_reducted
type3_932|type3_reducted,type4_reducted
type3_215|type3_reducted,type4_reducted
type3_307|type3_reducted,type4_reducted
type3_815|type3_reducted,type4_reducted
type3_639|type3_reducted,type4_reducted
type3_582|type3_reducted,type4_reducted
type3_902|type3_reducted,type4_reducted
type3_386|type3_reducted,type4_reducted
type3_630|type3_reducted,type4_reducted
type3_699|type3_reducted,type4_reducted
type3_8|type3_reducted,type4_reducted
type3_256|type3_reducted,type4_reducted
type3_767|type3_reducted,type4_reducted
type3_1160|type3_reducted,type4_reducted
type3_213|type3_reducted,type4_reducted
type3_314|type3_reducted,type4_reducted
type3_1213|type3_reducted,type4_reducted
type3_1081|type3_reducted,type4_reducted
type3_885|type3_reducted,type4_reducted
type3_1204|type3_reducted,type4_reducted
type3_1085|type3_reducted,type4_reducted
type3_779|type3_reducted,type4_reducted
type3_790|type3_reducted,type4_reducted
type3_34|type3_reducted,type4_reducted
type3_859|type3_reducted,type4_reducted
type3_610|type3_reducted,type4_reducted
type3_1229|type3_reducted,type4_reducted
type3_782|type3_reducted,type4_reducted
type3_259|type3_reducted,type4_reducted
type3_197|type3_reducted,type4_reducted
type3_615|type3_reducted,type4_reducted
type3_1103|type3_reducted,type4_reducted
type3_347|type3_reducted,type4_reducted
type3_1127|type3_reducted,type4_reducted
type3_440|type3_reducted,type4_reducted
type3_1251|type3_reducted,type4_reducted
type3_744|type3_reducted,type4_reducted
type3_433|type3_reducted,type4_reducted
type3_1195|type3_reducted,type4_reducted
type3_196|type3_reducted,type4_reducted
type3_852|type3_reducted,type4_reducted
type3_670|type3_reducted,type4_reducted
type3_995|type3_reducted,type4_reducted
type3_116|type3_reducted,type4_reducted
type3_685|type3_reducted,type4_reducted
type3_1093|type3_reducted,type4_reducted
type3_862|type3_reducted,type4_reducted
type3_569|type3_reducted,type2_reducted
type3_750|type3_reducted,type4_reducted
type3_646|type3_reducted,type4_reducted
type3_1201|type3_reducted,type4_reducted
type3_846|type3_reducted,type4_reducted
type3_866|type3_reducted,type4_reducted
type3_380|type3_reducted,type4_reducted
type3_257|type3_reducted,type4_reducted
type3_1046|type3_reducted,type4_reducted
type3_1218|type3_reducted,type4_reducted
type3_914|type3_reducted,type4_reducted
type3_245|type3_reducted,type4_reducted
type3_997|type3_reducted,type4_reducted
type3_811|type3_reducted,type4_reducted
type3_798|type3_reducted,type4_reducted
type3_649|type3_reducted,type4_reducted
type3_44|type3_reducted,type4_reducted
type3_211|type3_reducted,type4_reducted
type3_1175|type3_reducted,type4_reducted
type3_963|type3_reducted,type4_reducted
type3_210|type3_reducted,type4_reducted
type3_1125|type3_reducted,type4_reducted
type3_799|type3_reducted,type4_reducted
type3_825|type3_reducted,type4_reducted
type3_946|type3_reducted,type4_reducted
type3_86|type3_reducted,type4_reducted
type3_632|type3_reducted,type4_reducted
type3_368|type3_reducted,type4_reducted
type3_1027|type3_reducted,type4_reducted
type3_626|type3_reducted,type4_reducted
type3_1048|type3_reducted,type4_reducted
type3_854|type3_reducted,type4_reducted
type3_608|type3_reducted,type4_reducted
type3_66|type3_reducted,type4_reducted
type3_768|type3_reducted,type4_reducted
type3_816|type3_reducted,type4_reducted
type3_1176|type3_reducted,type4_reducted
type3_33|type3_reducted,type4_reducted
type3_1004|type3_reducted,type4_reducted
type3_523|type3_reducted,type4_reducted
type3_239|type3_reducted,type4_reducted
type3_339|type3_reducted,type4_reducted
type3_469|type3_reducted,type4_reducted
type3_788|type3_reducted,type4_reducted
type3_452|type3_reducted,type4_reducted
type3_924|type3_reducted,type4_reducted
type3_1031|type3_reducted,type4_reducted
type3_573|type3_reducted,type4_reducted
type3_611|type3_reducted,type4_reducted
type3_808|type3_reducted,type4_reducted
type3_759|type3_reducted,type4_reducted
type3_427|type3_reducted,type4_reducted
type3_896|type3_reducted,type4_reducted
type3_428|type3_reducted,type4_reducted
type3_1171|type3_reducted,type4_reducted
type3_176|type3_reducted,type4_reducted
type3_531|type3_reducted,type4_reducted
type3_588|type3_reducted,type4_reducted
type3_1116|type3_reducted,type4_reducted
type3_270|type3_reducted,type4_reducted
type3_725|type3_reducted,type4_reducted
type3_1183|type3_reducted,type4_reducted
type3_15|type3_reducted,type4_reducted
type3_89|type3_reducted,type4_reducted
type3_349|type3_reducted,type4_reducted
type3_969|type3_reducted,type4_reducted
type3_879|type3_reducted,type4_reducted
type3_396|type3_reducted,type4_reducted
type3_393|type3_reducted,type4_reducted
type3_739|type3_reducted,type4_reducted
type3_908|type3_reducted,type4_reducted
type3_756|type3_reducted,type4_reducted
type3_24|type3_reducted,type4_reducted
type3_1095|type3_reducted,type4_reducted
type3_538|type3_reducted,type4_reducted
type3_1047|type3_reducted,type4_reducted
type3_872|type3_reducted,type4_reducted
type3_72|type3_reducted,type4_reducted
type3_262|type3_reducted,type4_reducted
type3_793|type3_reducted,type4_reducted
type3_340|type3_reducted,type4_reducted
type3_330|type3_reducted,type4_reducted
type3_518|type3_reducted,type4_reducted
type3_708|type3_reducted,type4_reducted
type3_1237|type3_reducted,type2_reducted
type3_1220|type3_reducted,type4_reducted
type3_112|type3_reducted,type4_reducted
type3_1092|type3_reducted,type4_reducted
type3_325|type3_reducted,type4_reducted
type3_1013|type3_reducted,type4_reducted
type3_942|type3_reducted,type4_reducted
type3_849|type3_reducted,type4_reducted
type3_362|type3_reducted,type4_reducted
type3_346|type3_reducted,type4_reducted
type3_956|type3_reducted,type4_reducted
type3_930|type3_reducted,type4_reducted
type3_449|type3_reducted,type4_reducted
type3_1128|type3_reducted,type4_reducted
type3_36|type3_reducted,type4_reducted
type3_905|type3_reducted,type4_reducted
type3_945|type3_reducted,type4_reducted
type3_845|type3_reducted,type4_reducted
type3_426|type3_reducted,type4_reducted
type3_598|type3_reducted,type4_reducted
type3_556|type3_reducted,type4_reducted
type3_1001|type3_reducted,type4_reducted
type3_820|type3_reducted,type4_reducted
type3_460|type3_reducted,type4_reducted
type3_703|type3_reducted,type4_reducted
type3_130|type3_reducted,type4_reducted
type3_281|type3_reducted,type4_reducted
type3_1036|type3_reducted,type4_reducted
type3_1018|type3_reducted,type4_reducted
type3_320|type3_reducted,type4_reducted
type3_1196|type3_reducted,type4_reducted
type3_951|type3_reducted,type4_reducted
type3_907|type3_reducted,type4_reducted
type3_139|type3_reducted,type4_reducted
type3_512|type3_reducted,type4_reducted
type3_992|type3_reducted,type4_reducted
type3_429|type3_reducted,type4_reducted
type3_272|type3_reducted,type4_reducted
type3_730|type3_reducted,type4_reducted
type3_491|type3_reducted,type4_reducted
type3_1200|type3_reducted,type4_reducted
type3_178|type3_reducted,type4_reducted
type3_155|type3_reducted,type4_reducted
type3_41|type3_reducted,type4_reducted
type3_1077|type3_reducted,type4_reducted
type3_515|type3_reducted,type4_reducted
type3_1233|type3_reducted,type2_reducted
type3_127|type3_reducted,type4_reducted
type3_557|type3_reducted,type4_reducted
type3_771|type3_reducted,type4_reducted
type3_734|type3_reducted,type4_reducted
type3_1232|type3_reducted,type4_reducted
type3_205|type3_reducted,type4_reducted
type3_1026|type3_reducted,type4_reducted
type3_114|type3_reducted,type4_reducted
type3_190|type3_reducted,type4_reducted
type3_261|type3_reducted,type4_reducted
type3_516|type3_reducted,type4_reducted
type3_766|type3_reducted,type4_reducted
type3_899|type3_reducted,type4_reducted
type3_506|type3_reducted,type4_reducted
type3_916|type3_reducted,type4_reducted
type3_1055|type3_reducted,type4_reducted
type3_151|type3_reducted,type4_reducted
type3_760|type3_reducted,type4_reducted
type3_1082|type3_reducted,type4_reducted
type3_810|type3_reducted,type4_reducted
type3_528|type3_reducted,type4_reducted
type3_382|type3_reducted,type4_reducted
type3_97|type3_reducted,type4_reducted
type3_1257|type3_reducted,type4_reducted
type3_547|type3_reducted,type4_reducted
type3_559|type3_reducted,type4_reducted
type3_539|type3_reducted,type4_reducted
type3_336|type3_reducted,type4_reducted
type3_698|type3_reducted,type4_reducted
type3_509|type3_reducted,type4_reducted
type3_1123|type3_reducted,type4_reducted
type3_943|type3_reducted,type4_reducted
type3_578|type3_reducted,type4_reducted
type3_1178|type3_reducted,type4_reducted
type3_847|type3_reducted,type4_reducted
type3_729|type3_reducted,type4_reducted
type3_181|type3_reducted,type4_reducted
type3_392|type3_reducted,type4_reducted
type3_372|type3_reducted,type4_reducted
type3_805|type3_reducted,type4_reducted
type3_941|type3_reducted,type4_reducted
type3_1012|type3_reducted,type4_reducted
type3_747|type3_reducted,type4_reducted
type3_1224|type3_reducted,type4_reducted
type3_784|type3_reducted,type4_reducted
type3_1173|type3_reducted,type4_reducted
type3_1217|type3_reducted,type4_reducted
type3_791|type3_reducted,type4_reducted
type3_317|type3_reducted,type4_reducted
type3_232|type3_reducted,type4_reducted
type3_388|type3_reducted,type4_reducted
type3_144|type3_reducted,type4_reducted
type3_1238|type3_reducted,type2_reducted
type3_613|type3_reducted,type4_reducted
type3_1118|type3_reducted,type4_reducted
type3_173|type3_reducted,type4_reducted
type3_52|type3_reducted,type4_reducted
type3_570|type3_reducted,type4_reducted
type3_583|type3_reducted,type4_reducted
type3_441|type3_reducted,type4_reducted
type3_20|type3_reducted,type4_reducted
type3_348|type3_reducted,type4_reducted
type3_1061|type3_reducted,type4_reducted
type3_665|type3_reducted,type4_reducted
type3_12|type3_reducted,type4_reducted
type3_1264|type3_reducted,type4_reducted
type3_1240|type3_reducted,type2_reducted
type3_1002|type3_reducted,type4_reducted
type3_517|type3_reducted,type4_reducted
type3_1043|type3_reducted,type4_reducted
type3_877|type3_reducted,type4_reducted
type3_6|type3_reducted,type4_reducted
type3_616|type3_reducted,type4_reducted
type3_284|type3_reducted,type4_reducted
type3_1122|type3_reducted,type4_reducted
type3_185|type3_reducted,type4_reducted
type3_536|type3_reducted,type4_reducted
type3_1146|type3_reducted,type4_reducted
type3_57|type3_reducted,type4_reducted
type3_445|type3_reducted,type4_reducted
type3_456|type3_reducted,type4_reducted
type3_351|type3_reducted,type4_reducted
type3_964|type3_reducted,type4_reducted
type3_137|type3_reducted,type4_reducted
type3_227|type3_reducted,type4_reducted
type3_451|type3_reducted,type4_reducted
type3_1265|type3_reducted,type4_reducted
type3_833|type3_reducted,type4_reducted
type3_601|type3_reducted,type4_reducted
type3_961|type3_reducted,type4_reducted
type3_968|type3_reducted,type4_reducted
type3_361|type3_reducted,type4_reducted
type3_400|type3_reducted,type4_reducted
type3_1255|type3_reducted,type4_reducted
type3_621|type3_reducted,type4_reducted
type3_775|type3_reducted,type4_reducted
type3_581|type3_reducted,type4_reducted
type3_122|type3_reducted,type4_reducted
type3_229|type3_reducted,type4_reducted
type3_1179|type3_reducted,type4_reducted
type3_1080|type3_reducted,type4_reducted
type3_1073|type3_reducted,type4_reducted
type3_935|type3_reducted,type4_reducted
type3_503|type3_reducted,type4_reducted
type3_1214|type3_reducted,type4_reducted
type3_502|type3_reducted,type4_reducted
type3_350|type3_reducted,type4_reducted
type3_1121|type3_reducted,type4_reducted
type3_1161|type3_reducted,type4_reducted
type3_713|type3_reducted,type4_reducted
type3_754|type3_reducted,type4_reducted
type3_841|type3_reducted,type4_reducted
type3_145|type3_reducted,type4_reducted
type3_912|type3_reducted,type4_reducted
type3_618|type3_reducted,type4_reducted
type3_254|type3_reducted,type4_reducted
type3_387|type3_reducted,type4_reducted
type3_704|type3_reducted,type4_reducted
type3_1113|type3_reducted,type4_reducted
type3_352|type3_reducted,type4_reducted
type3_161|type3_reducted,type4_reducted
type3_81|type3_reducted,type4_reducted
type3_299|type3_reducted,type4_reducted
type3_533|type3_reducted,type4_reducted
type3_637|type3_reducted,type4_reducted
type3_337|type3_reducted,type4_reducted
type3_1185|type3_reducted,type4_reducted
type3_108|type3_reducted,type4_reducted
type3_700|type3_reducted,type4_reducted
type3_1045|type3_reducted,type4_reducted
type3_761|type3_reducted,type4_reducted
type3_900|type3_reducted,type4_reducted
type3_986|type3_reducted,type4_reducted
type3_1006|type3_reducted,type4_reducted
type3_519|type3_reducted,type4_reducted
type3_146|type3_reducted,type4_reducted
type3_354|type3_reducted,type4_reducted
type3_662|type3_reducted,type2_reducted
type3_993|type3_reducted,type4_reducted
type3_71|type3_reducted,type4_reducted
type3_204|type3_reducted,type4_reducted
type3_1151|type3_reducted,type4_reducted
type3_154|type3_reducted,type4_reducted
type3_404|type3_reducted,type4_reducted
type3_442|type3_reducted,type4_reducted
type3_647|type3_reducted,type4_reducted
type3_917|type3_reducted,type4_reducted
type3_1070|type3_reducted,type2_reducted
type3_293|type3_reducted,type4_reducted
type3_50|type3_reducted,type4_reducted
type3_198|type3_reducted,type4_reducted
type3_895|type3_reducted,type4_reducted
type3_534|type3_reducted,type4_reducted
type3_377|type3_reducted,type4_reducted
type3_1208|type3_reducted,type4_reducted
type3_58|type3_reducted,type4_reducted
type3_399|type3_reducted,type4_reducted
type3_751|type3_reducted,type4_reducted
type3_1142|type3_reducted,type4_reducted
type3_1050|type3_reducted,type4_reducted
type3_90|type3_reducted,type4_reducted
type3_497|type3_reducted,type4_reducted
type3_1107|type3_reducted,type4_reducted
type3_47|type3_reducted,type4_reducted
type3_1108|type3_reducted,type4_reducted
type3_401|type3_reducted,type4_reducted
type3_465|type3_reducted,type4_reducted
type3_1253|type3_reducted,type4_reducted
type3_967|type3_reducted,type4_reducted
type3_304|type3_reducted,type4_reducted
type3_225|type3_reducted,type4_reducted
type3_1212|type3_reducted,type4_reducted
type3_118|type3_reducted,type4_reducted
type3_659|type3_reducted,type4_reducted
type3_305|type3_reducted,type4_reducted
type3_395|type3_reducted,type4_reducted
type3_478|type3_reducted,type4_reducted
type3_397|type3_reducted,type4_reducted
type3_1028|type3_reducted,type4_reducted
type3_318|type3_reducted,type4_reducted
type3_1244|type3_reducted,type4_reducted
type3_326|type3_reducted,type4_reducted
type3_580|type3_reducted,type4_reducted
type3_402|type3_reducted,type4_reducted
type3_1197|type3_reducted,type4_reducted
type3_1154|type3_reducted,type4_reducted
type3_157|type3_reducted,type4_reducted
type3_998|type3_reducted,type4_reducted
type3_365|type3_reducted,type4_reducted
type3_1198|type3_reducted,type4_reducted
type3_975|type3_reducted,type2_reducted
type3_27|type3_reducted,type4_reducted
type3_1189|type3_reducted,type4_reducted
type3_498|type3_reducted,type4_reducted
type3_884|type3_reducted,type4_reducted
type3_1015|type3_reducted,type4_reducted
type3_1105|type3_reducted,type4_reducted
type3_732|type3_reducted,type4_reducted
type3_828|type3_reducted,type4_reducted
type3_683|type3_reducted,type4_reducted
type3_1039|type3_reducted,type4_reducted
type3_268|type3_reducted,type4_reducted
type3_537|type3_reducted,type4_reducted
type3_248|type3_reducted,type4_reducted
type4_366|type4_reducted,type4_reducted
type4_309|type4_reducted,type4_reducted
type4_437|type4_reducted,type4_reducted
type4_368|type4_reducted,type4_reducted
type4_201|type4_reducted,type4_reducted
type4_150|type4_reducted,type4_reducted
type4_460|type4_reducted,type4_reducted
type4_256|type4_reducted,type4_reducted
type4_91|type4_reducted,type2_reducted
type4_343|type4_reducted,type2_reducted
type4_183|type4_reducted,type4_reducted
type4_146|type4_reducted,type4_reducted
type4_297|type4_reducted,type4_reducted
type4_152|type4_reducted,type4_reducted
type4_391|type4_reducted,type4_reducted
type4_267|type4_reducted,type4_reducted
type4_400|type4_reducted,type4_reducted
type4_198|type4_reducted,type4_reducted
type4_388|type4_reducted,type4_reducted
type4_247|type4_reducted,type4_reducted
type4_461|type4_reducted,type4_reducted
type4_255|type4_reducted,type4_reducted
type4_246|type4_reducted,type4_reducted
type4_179|type4_reducted,type4_reducted
type4_230|type4_reducted,type4_reducted
type4_448|type4_reducted,type3_reducted
type4_337|type4_reducted,type4_reducted
type4_371|type4_reducted,type4_reducted
type4_222|type4_reducted,type4_reducted
type4_250|type4_reducted,type4_reducted
type4_377|type4_reducted,type4_reducted
type4_123|type4_reducted,type4_reducted
type4_33|type4_reducted,type4_reducted
type4_330|type4_reducted,type4_reducted
type4_81|type4_reducted,type3_reducted
type4_26|type4_reducted,type4_reducted
type4_185|type4_reducted,type4_reducted
type4_47|type4_reducted,type4_reducted
type4_291|type4_reducted,type4_reducted
type4_151|type4_reducted,type4_reducted
type4_12|type4_reducted,type4_reducted
type4_57|type4_reducted,type2_reducted
type4_93|type4_reducted,type4_reducted
type4_5|type4_reducted,type4_reducted
type4_129|type4_reducted,type4_reducted
type4_79|type4_reducted,type3_reducted
type4_313|type4_reducted,type2_reducted
type4_131|type4_reducted,type4_reducted
type4_387|type4_reducted,type4_reducted
type4_329|type4_reducted,type4_reducted
type4_134|type4_reducted,type4_reducted
type4_427|type4_reducted,type4_reducted
type4_355|type4_reducted,type4_reducted
type4_353|type4_reducted,type4_reducted
type4_410|type4_reducted,type4_reducted
type4_241|type4_reducted,type4_reducted
type4_97|type4_reducted,type3_reducted
type4_147|type4_reducted,type4_reducted
type4_308|type4_reducted,type4_reducted
type4_279|type4_reducted,type4_reducted
type4_365|type4_reducted,type4_reducted
type4_28|type4_reducted,type4_reducted
type4_452|type4_reducted,type4_reducted
type4_19|type4_reducted,type4_reducted
type4_401|type4_reducted,type4_reducted
type4_327|type4_reducted,type4_reducted
type4_195|type4_reducted,type4_reducted
type4_402|type4_reducted,type4_reducted
type4_304|type4_reducted,type4_reducted
type4_360|type4_reducted,type4_reducted
type4_430|type4_reducted,type4_reducted
type4_204|type4_reducted,type4_reducted
type4_339|type4_reducted,type2_reducted
type4_164|type4_reducted,type4_reducted
type4_325|type4_reducted,type4_reducted
type4_136|type4_reducted,type4_reducted
type4_180|type4_reducted,type4_reducted
type4_103|type4_reducted,type4_reducted
type4_383|type4_reducted,type2_reducted
type4_18|type4_reducted,type4_reducted
type4_277|type4_reducted,type4_reducted
type4_369|type4_reducted,type4_reducted
type4_292|type4_reducted,type4_reducted
type4_428|type4_reducted,type4_reducted
type4_78|type4_reducted,type3_reducted
type4_376|type4_reducted,type4_reducted
type4_9|type4_reducted,type4_reducted
type4_395|type4_reducted,type4_reducted
type4_349|type4_reducted,type4_reducted
type4_77|type4_reducted,type4_reducted
type4_40|type4_reducted,type4_reducted
type4_58|type4_reducted,type4_reducted
type4_125|type4_reducted,type4_reducted
type4_231|type4_reducted,type4_reducted
type4_141|type4_reducted,type4_reducted
type4_25|type4_reducted,type4_reducted
type4_398|type4_reducted,type4_reducted
type4_190|type4_reducted,type4_reducted
type4_237|type4_reducted,type4_reducted
type4_46|type4_reducted,type4_reducted
type4_226|type4_reducted,type4_reducted
type4_373|type4_reducted,type4_reducted
type4_416|type4_reducted,type4_reducted
type4_69|type4_reducted,type3_reducted
type4_85|type4_reducted,type4_reducted
type4_347|type4_reducted,type4_reducted
type4_142|type4_reducted,type4_reducted
type4_100|type4_reducted,type4_reducted
type4_90|type4_reducted,type4_reducted
type4_392|type4_reducted,type4_reducted
type4_96|type4_reducted,type2_reducted
type4_411|type4_reducted,type4_reducted
type4_359|type4_reducted,type4_reducted
type4_217|type4_reducted,type4_reducted
type4_380|type4_reducted,type4_reducted
type4_89|type4_reducted,type4_reducted
type4_119|type4_reducted,type4_reducted
type4_453|type4_reducted,type3_reducted
type4_144|type4_reducted,type4_reducted
type4_443|type4_reducted,type4_reducted
type4_184|type4_reducted,type4_reducted
type4_367|type4_reducted,type4_reducted
type4_23|type4_reducted,type2_reducted
type4_429|type4_reducted,type4_reducted
type4_98|type4_reducted,type4_reducted
type4_176|type4_reducted,type4_reducted
type4_193|type4_reducted,type4_reducted
type4_243|type4_reducted,type4_reducted
type4_439|type4_reducted,type4_reducted
type4_167|type4_reducted,type4_reducted
type4_396|type4_reducted,type4_reducted
type4_431|type4_reducted,type4_reducted
type4_51|type4_reducted,type4_reducted
type4_86|type4_reducted,type4_reducted
type4_203|type4_reducted,type4_reducted
type4_390|type4_reducted,type4_reducted
type4_316|type4_reducted,type2_reducted
type4_265|type4_reducted,type4_reducted
